0 0.77437500 0.67375000 0.03375000 0.00750000
0 0.74000000 0.70062500 0.00750000 0.01125000
0 0.93375000 0.83812500 0.00750000 0.01375000
0 0.73187500 0.69375000 0.01625000 0.00750000
0 0.76375000 0.20062500 0.04750000 0.02375000
0 0.79375000 0.66937500 0.00500000 0.01125000
0 0.73812500 0.47437500 0.01625000 0.02125000
0 0.70625000 0.54062500 0.06000000 0.02125000
0 0.80187500 0.70437500 0.00875000 0.01125000
0 0.60062500 0.16875000 0.01125000 0.02750000
0 0.75687500 0.70125000 0.00875000 0.01500000
0 0.77000000 0.70062500 0.00750000 0.01375000
0 0.97125000 0.51875000 0.03750000 0.03000000
