0 0.48062500 0.81875000 0.01125000 0.01500000
0 0.43375000 0.80062500 0.02750000 0.02375000
0 0.63312500 0.86250000 0.01625000 0.01750000
0 0.44812500 0.80625000 0.03125000 0.02500000
0 0.60437500 0.86062500 0.01375000 0.01375000
0 0.50187500 0.82250000 0.00875000 0.01500000
0 0.02000000 0.06187500 0.04000000 0.01875000
0 0.49125000 0.82000000 0.01000000 0.01500000
0 0.17062500 0.38875000 0.03125000 0.03250000
0 0.02625000 0.53937500 0.04500000 0.01625000
0 0.40375000 0.79375000 0.01750000 0.01500000
0 0.42375000 0.79000000 0.03250000 0.02500000
0 0.71750000 0.67312500 0.01500000 0.02375000
0 0.23687500 0.42875000 0.02625000 0.02000000
0 0.24750000 0.43875000 0.02500000 0.02250000
0 0.28187500 0.47625000 0.02375000 0.02000000
