0 0.01375000 0.33250000 0.01750000 0.02250000
0 0.68562500 0.79937500 0.02625000 0.04625000
0 0.01187500 0.32562500 0.00875000 0.01375000
0 0.85312500 0.83125000 0.05875000 0.04250000
0 0.00687500 0.32500000 0.00875000 0.01500000
0 0.72312500 0.97500000 0.04125000 0.05000000
0 0.66687500 0.04562500 0.01375000 0.04125000
0 0.54625000 0.13250000 0.01250000 0.00500000
0 0.51375000 0.37187500 0.03500000 0.01625000
0 0.23062500 0.18062500 0.01875000 0.02875000
0 0.88250000 0.38312500 0.01500000 0.05875000
0 0.84625000 0.18437500 0.01250000 0.01375000
