0 0.73500000 0.79812500 0.01500000 0.01875000
0 0.73000000 0.80125000 0.01500000 0.02000000
0 0.76625000 0.84562500 0.02250000 0.02125000
0 0.93687500 0.95250000 0.03625000 0.06750000
0 0.81187500 0.88500000 0.02125000 0.02500000
0 0.41187500 0.32062500 0.02625000 0.03625000
0 0.77625000 0.84000000 0.01750000 0.02000000
0 0.80437500 0.89250000 0.03125000 0.03250000
0 0.70187500 0.74750000 0.02375000 0.03000000
0 0.82437500 0.92187500 0.02625000 0.03125000
0 0.69437500 0.75125000 0.01625000 0.02000000
0 0.85312500 0.85500000 0.04125000 0.04750000
0 0.71500000 0.77125000 0.01500000 0.01750000
0 0.88562500 0.88875000 0.02625000 0.03250000
0 0.71125000 0.77562500 0.01750000 0.02375000
0 0.25000000 0.10437500 0.04750000 0.06625000
0 0.90687500 0.91937500 0.02125000 0.02875000
0 0.94187500 0.94750000 0.04125000 0.07250000
