0 0.74312500 0.72250000 0.00875000 0.01750000
0 0.58875000 0.11500000 0.00750000 0.01750000
0 0.78937500 0.72687500 0.00625000 0.01375000
0 0.72875000 0.72812500 0.00750000 0.01875000
0 0.91937500 0.86312500 0.00875000 0.01875000
0 0.72000000 0.72000000 0.01250000 0.00750000
0 0.83625000 0.65875000 0.02000000 0.02500000
0 0.76000000 0.69750000 0.04750000 0.01250000
0 0.71750000 0.70000000 0.02500000 0.00750000
0 0.58562500 0.18062500 0.01125000 0.02875000
0 0.69437500 0.56500000 0.05875000 0.02500000
0 0.82187500 0.63812500 0.02375000 0.01875000
