0 0.20187500 0.32500000 0.01875000 0.01250000
0 0.25625000 0.33750000 0.01000000 0.01500000
0 0.35875000 0.37500000 0.01250000 0.01500000
0 0.24625000 0.33500000 0.01000000 0.01500000
0 0.90500000 0.05187500 0.01750000 0.03625000
0 0.23500000 0.33125000 0.01000000 0.01500000
0 0.99312500 0.46750000 0.01375000 0.04250000
0 0.19687500 0.31875000 0.02125000 0.02250000
0 0.26875000 0.28187500 0.05000000 0.01625000
0 0.15937500 0.30750000 0.01875000 0.01500000
0 0.17625000 0.30562500 0.03250000 0.02875000
0 0.18375000 0.31250000 0.02750000 0.02500000
0 0.19187500 0.31312500 0.02375000 0.02125000
0 0.47062500 0.18750000 0.01625000 0.02250000
