0 0.82937500 0.23000000 0.02125000 0.01250000
0 0.58812500 0.26750000 0.01125000 0.01250000
0 0.16937500 0.11250000 0.00875000 0.02000000
0 0.70125000 0.08062500 0.01500000 0.02125000
0 0.41500000 0.20812500 0.03750000 0.02875000
0 0.43312500 0.21375000 0.02875000 0.02500000
0 0.48625000 0.23062500 0.01000000 0.01625000
0 0.47625000 0.22750000 0.01000000 0.01500000
0 0.40125000 0.19812500 0.04000000 0.02875000
0 0.46437500 0.22500000 0.01375000 0.01750000
0 0.61625000 0.27000000 0.01500000 0.02000000
