0 0.49437500 0.30625000 0.02375000 0.02750000
0 0.51125000 0.30437500 0.01000000 0.01625000
0 0.49750000 0.31625000 0.01500000 0.01000000
0 0.47125000 0.30062500 0.02500000 0.02375000
0 0.03437500 0.01937500 0.05125000 0.01375000
0 0.48812500 0.29937500 0.02875000 0.02375000
0 0.49000000 0.16250000 0.02250000 0.01500000
0 0.62437500 0.29375000 0.02625000 0.02250000
0 0.64187500 0.34375000 0.01375000 0.01500000
0 0.41375000 0.27375000 0.01750000 0.01750000
0 0.60750000 0.33750000 0.01500000 0.01500000
0 0.72625000 0.15437500 0.01500000 0.02375000
