0 0.44750000 0.31125000 0.03000000 0.02500000
0 0.18625000 0.21125000 0.01000000 0.01750000
0 0.50062500 0.33187500 0.01625000 0.02125000
0 0.42000000 0.29500000 0.02750000 0.02750000
0 0.48312500 0.32312500 0.00875000 0.01625000
0 0.40625000 0.29750000 0.01750000 0.01500000
0 0.49312500 0.32500000 0.00875000 0.01500000
0 0.42937500 0.29750000 0.02875000 0.01750000
0 0.49812500 0.32562500 0.00875000 0.01375000
0 0.43437500 0.30562500 0.03375000 0.02375000
0 0.71812500 0.17812500 0.01375000 0.02125000
0 0.02562500 0.04187500 0.05125000 0.01875000
0 0.05937500 0.07625000 0.00875000 0.01500000
0 0.31250000 0.08000000 0.02750000 0.02750000
