0 0.75875000 0.70125000 0.01000000 0.01250000
0 0.58875000 0.10125000 0.01500000 0.04250000
0 0.74875000 0.69562500 0.01000000 0.01625000
0 0.79750000 0.70312500 0.00500000 0.01375000
0 0.73312500 0.70437500 0.00875000 0.01625000
0 0.79312500 0.70000000 0.00625000 0.01250000
0 0.76000000 0.67062500 0.05750000 0.01625000
0 0.71500000 0.67437500 0.01500000 0.00875000
0 0.70500000 0.67750000 0.00750000 0.01500000
0 0.59000000 0.15000000 0.01500000 0.03750000
0 0.59687500 0.18875000 0.01625000 0.04250000
0 0.69687500 0.54000000 0.06625000 0.02750000
0 0.96687500 0.51562500 0.03625000 0.03125000
