0 0.95000000 0.53937500 0.02750000 0.02875000
0 0.43187500 0.23812500 0.02125000 0.00875000
0 0.97125000 0.57062500 0.01750000 0.01625000
0 0.93625000 0.41437500 0.01500000 0.01125000
0 0.28125000 0.18375000 0.01750000 0.03750000
0 0.30250000 0.22750000 0.02000000 0.02000000
0 0.28500000 0.23125000 0.02500000 0.02500000
0 0.27937500 0.24375000 0.02125000 0.01750000
0 0.18437500 0.20687500 0.02375000 0.02375000
0 0.27187500 0.24875000 0.02625000 0.01250000
0 0.33687500 0.11812500 0.03625000 0.00875000
0 0.30000000 0.12437500 0.03000000 0.00625000
