0 0.61625000 0.15937500 0.01000000 0.02125000
0 0.79062500 0.58687500 0.01625000 0.00625000
0 0.58625000 0.04937500 0.01000000 0.01875000
0 0.77687500 0.58812500 0.00625000 0.01125000
0 0.74687500 0.07937500 0.04375000 0.02125000
0 0.74875000 0.58750000 0.02250000 0.01500000
0 0.89375000 0.41000000 0.03250000 0.03250000
0 0.68000000 0.36375000 0.02000000 0.01000000
0 0.67875000 0.42250000 0.03750000 0.01500000
0 0.71062500 0.43000000 0.02375000 0.00750000
0 0.90375000 0.40500000 0.02750000 0.03250000
0 0.76562500 0.55937500 0.02625000 0.01125000
0 0.95750000 0.40375000 0.03250000 0.03000000
0 0.93437500 0.42375000 0.01875000 0.01500000
