0 0.41437500 0.51500000 0.03125000 0.02250000
0 0.19812500 0.13937500 0.01875000 0.01625000
0 0.43187500 0.52437500 0.01875000 0.02875000
0 0.13000000 0.08812500 0.01000000 0.01375000
0 0.56375000 0.56750000 0.01500000 0.01500000
0 0.04625000 0.17312500 0.01000000 0.01125000
0 0.58937500 0.56687500 0.01375000 0.01625000
0 0.06500000 0.22312500 0.02250000 0.02625000
0 0.95187500 0.60812500 0.03125000 0.01625000
0 0.40000000 0.50812500 0.02750000 0.02125000
0 0.41250000 0.34250000 0.04250000 0.02500000
0 0.24687500 0.18625000 0.02125000 0.02000000
0 0.30437500 0.19437500 0.01375000 0.01375000
0 0.68187500 0.38250000 0.01875000 0.02250000
