0 0.56625000 0.47937500 0.01250000 0.01375000
0 0.45500000 0.44812500 0.02000000 0.02625000
0 0.75312500 0.43875000 0.02625000 0.01750000
0 0.60125000 0.48375000 0.01250000 0.01750000
0 0.67000000 0.32375000 0.01750000 0.02000000
0 0.05812500 0.10812500 0.02875000 0.03375000
0 0.39000000 0.41062500 0.02500000 0.02375000
0 0.40312500 0.42062500 0.03125000 0.02375000
0 0.41750000 0.42812500 0.03000000 0.02375000
0 0.46562500 0.44812500 0.01875000 0.03125000
0 0.68625000 0.29500000 0.01250000 0.01750000
0 0.19375000 0.01187500 0.03250000 0.02375000
