0 0.12000000 0.27937500 0.02750000 0.03375000
0 0.39625000 0.69562500 0.03000000 0.02375000
0 0.04125000 0.37125000 0.04750000 0.05500000
0 0.43937500 0.72000000 0.01875000 0.02000000
0 0.00687500 0.45875000 0.01125000 0.01750000
0 0.57375000 0.74875000 0.01250000 0.01750000
0 0.01625000 0.45875000 0.00750000 0.01250000
0 0.54562500 0.74750000 0.01375000 0.01250000
0 0.42375000 0.64062500 0.01000000 0.00625000
0 0.26250000 0.44062500 0.02000000 0.02125000
0 0.82000000 0.71437500 0.05250000 0.01125000
0 0.36937500 0.68312500 0.03875000 0.03125000
0 0.38250000 0.68937500 0.03000000 0.02625000
0 0.66625000 0.56312500 0.01500000 0.02125000
0 0.17625000 0.27875000 0.03250000 0.03000000
0 0.16375000 0.27812500 0.01750000 0.01625000
0 0.18250000 0.31937500 0.02000000 0.01875000
