0 0.85750000 0.02250000 0.01750000 0.02000000
0 0.71562500 0.33062500 0.01375000 0.02875000
0 0.78562500 0.69000000 0.04625000 0.02500000
0 0.84125000 0.04062500 0.01500000 0.02125000
0 0.51187500 0.17875000 0.01375000 0.02000000
0 0.61812500 0.28687500 0.02625000 0.06125000
0 0.51000000 0.27125000 0.01250000 0.02250000
0 0.55062500 0.66812500 0.01125000 0.01875000
0 0.58000000 0.21062500 0.06250000 0.04125000
0 0.58187500 0.77750000 0.00875000 0.01250000
0 0.62437500 0.88312500 0.00875000 0.01125000
