0 0.72812500 0.93375000 0.04625000 0.01000000
0 0.75437500 0.92625000 0.00875000 0.01250000
0 0.72312500 0.45312500 0.04875000 0.03125000
0 0.75250000 0.96062500 0.00750000 0.01125000
0 0.64625000 0.64875000 0.01500000 0.02250000
0 0.71625000 0.96000000 0.01000000 0.01750000
0 0.68062500 0.71187500 0.01625000 0.03125000
0 0.55625000 0.35625000 0.01000000 0.02500000
0 0.88125000 0.78062500 0.02500000 0.03375000
0 0.56000000 0.41875000 0.01000000 0.02000000
0 0.65812500 0.79625000 0.03625000 0.01500000
0 0.56375000 0.27687500 0.01750000 0.02875000
0 0.68750000 0.80562500 0.02250000 0.01375000
0 0.62187500 0.20125000 0.03625000 0.06750000
0 0.58562500 0.16125000 0.01375000 0.02750000
0 0.83250000 0.46562500 0.02000000 0.04125000
0 0.94062500 0.77250000 0.01875000 0.02000000
