0 0.69687500 0.69000000 0.01625000 0.02250000
0 0.40500000 0.80875000 0.03500000 0.02250000
0 0.69125000 0.84937500 0.02000000 0.01625000
0 0.41375000 0.81750000 0.03500000 0.02500000
0 0.61250000 0.87937500 0.01500000 0.01875000
0 0.48250000 0.84125000 0.01000000 0.01500000
0 0.58500000 0.87875000 0.01250000 0.01250000
0 0.47250000 0.83875000 0.01000000 0.01500000
0 0.14437500 0.41062500 0.03125000 0.03375000
0 0.01500000 0.55937500 0.02500000 0.01125000
0 0.15312500 0.40500000 0.02875000 0.03250000
0 0.04187500 0.58687500 0.01875000 0.00875000
0 0.38437500 0.81062500 0.01875000 0.01625000
0 0.20812500 0.40375000 0.03375000 0.03000000
0 0.18437500 0.42312500 0.01875000 0.01625000
