0 0.70500000 0.58875000 0.01750000 0.00750000
0 0.68500000 0.59062500 0.01500000 0.00625000
0 0.73875000 0.56562500 0.02000000 0.01875000
0 0.78937500 0.47125000 0.01375000 0.00750000
0 0.73375000 0.11437500 0.04750000 0.02375000
0 0.64562500 0.43312500 0.03875000 0.01375000
0 0.71000000 0.57000000 0.01750000 0.00750000
0 0.74937500 0.11937500 0.02625000 0.01625000
0 0.68187500 0.43812500 0.02375000 0.01375000
0 0.62187500 0.27500000 0.01375000 0.01750000
0 0.55125000 0.05250000 0.00750000 0.01750000
0 0.97750000 0.50437500 0.02250000 0.01875000
0 0.74625000 0.59687500 0.02750000 0.01125000
0 0.62312500 0.58250000 0.02375000 0.01000000
0 0.71250000 0.59812500 0.02500000 0.01125000
0 0.64875000 0.30375000 0.02500000 0.04000000
0 0.95625000 0.48750000 0.01250000 0.01000000
0 0.64750000 0.58125000 0.02250000 0.00750000
