0 0.73062500 0.43250000 0.03875000 0.01250000
0 0.76562500 0.45937500 0.00875000 0.01375000
0 0.72000000 0.46000000 0.00750000 0.01250000
0 0.68750000 0.45125000 0.01500000 0.00750000
0 0.70875000 0.45687500 0.00750000 0.01625000
0 0.67437500 0.46187500 0.01375000 0.00625000
0 0.75625000 0.45937500 0.01000000 0.01625000
0 0.72875000 0.45875000 0.00750000 0.01250000
0 0.71375000 0.45937500 0.00500000 0.01125000
0 0.86875000 0.27875000 0.02750000 0.03250000
0 0.74375000 0.45937500 0.01000000 0.01375000
0 0.58187500 0.02687500 0.00625000 0.01125000
0 0.61500000 0.44437500 0.02250000 0.01125000
0 0.62437500 0.13312500 0.00875000 0.01125000
0 0.65062500 0.44125000 0.01875000 0.01000000
0 0.66062500 0.29750000 0.06125000 0.02000000
0 0.78937500 0.37000000 0.04125000 0.05250000
0 0.60625000 0.46062500 0.01500000 0.00625000
0 0.67375000 0.43500000 0.01250000 0.01000000
0 0.92687500 0.27812500 0.03375000 0.02875000
0 0.91437500 0.27875000 0.01875000 0.01500000
0 0.93250000 0.31937500 0.02000000 0.01875000
