0 0.67062500 0.77687500 0.03875000 0.01625000
0 0.63562500 0.02062500 0.01625000 0.03125000
0 0.70375000 0.78437500 0.01500000 0.00625000
0 0.75125000 0.10125000 0.02250000 0.03500000
0 0.75375000 0.91312500 0.02750000 0.00875000
0 0.83000000 0.03062500 0.03500000 0.01625000
0 0.84500000 0.44437500 0.01500000 0.04125000
0 0.73062500 0.43125000 0.04375000 0.02250000
0 0.83500000 0.45187500 0.01750000 0.04375000
0 0.80750000 0.85687500 0.02750000 0.03125000
0 0.56750000 0.32937500 0.00750000 0.01375000
0 0.62250000 0.07187500 0.02500000 0.06625000
0 0.59812500 0.14125000 0.01375000 0.03000000
0 0.57125000 0.39750000 0.01250000 0.02000000
0 0.94687500 0.75937500 0.03625000 0.03125000
