0 0.59187500 0.51812500 0.01625000 0.01375000
0 0.45937500 0.46562500 0.00875000 0.01375000
0 0.13062500 0.03062500 0.02375000 0.03375000
0 0.58000000 0.50000000 0.01250000 0.01500000
0 0.00437500 0.17875000 0.00875000 0.01750000
0 0.55562500 0.49875000 0.01375000 0.01500000
0 0.55750000 0.39250000 0.04000000 0.01500000
0 0.38062500 0.43125000 0.02875000 0.02500000
0 0.40062500 0.44500000 0.02125000 0.02000000
0 0.42562500 0.45562500 0.01375000 0.02875000
0 0.43375000 0.45687500 0.01000000 0.02625000
0 0.67375000 0.31562500 0.01250000 0.01875000
