0 0.72875000 0.55125000 0.02000000 0.04500000
0 0.85437500 0.23125000 0.01375000 0.01500000
0 0.55125000 0.96187500 0.03000000 0.01125000
0 0.64187500 0.35375000 0.02125000 0.04000000
0 0.55312500 0.98312500 0.03125000 0.01375000
0 0.60625000 0.48562500 0.02250000 0.03875000
0 0.55125000 0.72500000 0.01250000 0.03250000
0 0.59875000 0.54875000 0.02750000 0.06000000
0 0.54562500 0.87562500 0.01125000 0.01875000
0 0.58125000 0.62500000 0.02250000 0.05750000
0 0.71375000 0.20625000 0.03000000 0.04750000
0 0.64437500 0.08687500 0.05875000 0.04375000
0 0.86375000 0.17000000 0.02000000 0.02000000
0 0.83875000 0.25187500 0.01750000 0.01875000
