0 0.67812500 0.71375000 0.06125000 0.02500000
0 0.68875000 0.85000000 0.02000000 0.01000000
0 0.76250000 0.45625000 0.01250000 0.02500000
0 0.66500000 0.85437500 0.02000000 0.01125000
0 0.73812500 0.35312500 0.04375000 0.02125000
0 0.73687500 0.87437500 0.02875000 0.01125000
0 0.73812500 0.36562500 0.04875000 0.02125000
0 0.76750000 0.87250000 0.02000000 0.01000000
0 0.61750000 0.01687500 0.02000000 0.03375000
0 0.88875000 0.69062500 0.02750000 0.03125000
0 0.80687500 0.78062500 0.04875000 0.05625000
0 0.63187500 0.86250000 0.01375000 0.03000000
0 0.74062500 0.84437500 0.05375000 0.01125000
0 0.94812500 0.68375000 0.02125000 0.01750000
