0 0.29250000 0.18812500 0.01750000 0.01625000
0 0.06250000 0.10625000 0.05000000 0.05500000
0 0.44437500 0.45062500 0.01875000 0.02875000
0 0.42562500 0.44187500 0.02625000 0.02125000
0 0.88562500 0.49250000 0.01375000 0.01500000
0 0.69437500 0.31125000 0.01375000 0.02000000
0 0.23312500 0.13687500 0.03125000 0.02875000
0 0.01312500 0.17500000 0.02625000 0.01250000
0 0.02875000 0.20625000 0.02500000 0.01250000
0 0.19125000 0.03562500 0.03250000 0.02875000
0 0.21375000 0.06625000 0.02500000 0.02000000
0 0.22437500 0.07500000 0.02375000 0.02500000
