0 0.78062500 0.58375000 0.03875000 0.04500000
0 0.72250000 0.64500000 0.04500000 0.01000000
0 0.55687500 0.21250000 0.02375000 0.01250000
0 0.66125000 0.65000000 0.00750000 0.01250000
0 0.55250000 0.23500000 0.03000000 0.01000000
0 0.64250000 0.65437500 0.02000000 0.00875000
0 0.66875000 0.43000000 0.01250000 0.01500000
0 0.68750000 0.67125000 0.07750000 0.02250000
0 0.66000000 0.45125000 0.02250000 0.01000000
0 0.74375000 0.67250000 0.02250000 0.01000000
0 0.65625000 0.51000000 0.06500000 0.02000000
0 0.86687500 0.49312500 0.02625000 0.02875000
0 0.82937500 0.61625000 0.05875000 0.06000000
0 0.54187500 0.06000000 0.00875000 0.01750000
0 0.54750000 0.12750000 0.01000000 0.02000000
0 0.86562500 0.50437500 0.01125000 0.01125000
0 0.91625000 0.48875000 0.03750000 0.03250000
0 0.94312500 0.56562500 0.02125000 0.02125000
