0 0.85687500 0.49375000 0.03375000 0.01750000
0 0.82125000 0.33000000 0.02750000 0.02750000
0 0.86562500 0.50750000 0.02625000 0.01000000
0 0.81562500 0.40937500 0.02625000 0.02625000
0 0.87000000 0.51562500 0.02500000 0.01375000
0 0.80500000 0.41375000 0.02750000 0.03250000
0 0.80312500 0.30125000 0.02375000 0.02250000
0 0.92625000 0.44312500 0.02500000 0.03875000
0 0.84125000 0.36000000 0.02500000 0.02500000
0 0.85375000 0.48250000 0.02250000 0.01750000
0 0.68875000 0.25750000 0.03000000 0.03250000
0 0.69937500 0.25250000 0.02875000 0.03000000
0 0.71125000 0.29125000 0.02000000 0.02000000
0 0.74875000 0.34000000 0.02000000 0.02000000
