0 0.38062500 0.89562500 0.01625000 0.01625000
0 0.43312500 0.93750000 0.02875000 0.01500000
0 0.38000000 0.90375000 0.02250000 0.01750000
0 0.36812500 0.88687500 0.02125000 0.01625000
0 0.66000000 0.77687500 0.01500000 0.02125000
0 0.36812500 0.89500000 0.01875000 0.01500000
0 0.11500000 0.50437500 0.01000000 0.01125000
0 0.19125000 0.56625000 0.02250000 0.02000000
0 0.07875000 0.61687500 0.06000000 0.05875000
0 0.11625000 0.49312500 0.02750000 0.02875000
0 0.03125000 0.58437500 0.04000000 0.04625000
0 0.41875000 0.92000000 0.01750000 0.03000000
0 0.16687500 0.48812500 0.03875000 0.03375000
