0 0.66937500 0.71375000 0.01875000 0.00750000
0 0.57125000 0.15437500 0.00750000 0.01375000
0 0.75250000 0.73062500 0.00750000 0.01125000
0 0.66875000 0.56500000 0.03750000 0.01500000
0 0.71125000 0.73375000 0.00750000 0.01750000
0 0.69750000 0.57312500 0.02000000 0.00875000
0 0.80437500 0.77687500 0.01375000 0.00875000
0 0.75187500 0.70125000 0.03125000 0.01250000
0 0.75437500 0.59875000 0.01875000 0.02000000
0 0.72875000 0.70187500 0.01500000 0.00625000
0 0.85375000 0.26125000 0.01500000 0.02250000
0 0.58500000 0.04312500 0.02250000 0.06125000
0 0.57125000 0.18562500 0.01000000 0.01625000
0 0.74750000 0.23875000 0.05500000 0.02500000
