0 0.62625000 0.16312500 0.01500000 0.03125000
0 0.58875000 0.30812500 0.01500000 0.04125000
0 0.74125000 0.61000000 0.05000000 0.02250000
0 0.58437500 0.03687500 0.02125000 0.01125000
0 0.56375000 0.55812500 0.01250000 0.02125000
0 0.63062500 0.06125000 0.01875000 0.01750000
0 0.66187500 0.93687500 0.04375000 0.01625000
0 0.60312500 0.08750000 0.03125000 0.02000000
0 0.69562500 0.94562500 0.01625000 0.00625000
0 0.52562500 0.07312500 0.00875000 0.01625000
0 0.79437500 0.58187500 0.05375000 0.02875000
0 0.59937500 0.10687500 0.02125000 0.01875000
0 0.74562500 0.24187500 0.02125000 0.04375000
0 0.63125000 0.17875000 0.02750000 0.06250000
0 0.67375000 0.03312500 0.02500000 0.06125000
0 0.73875000 0.28000000 0.01250000 0.02500000
0 0.76062500 0.30000000 0.01125000 0.02500000
0 0.94562500 0.91250000 0.01875000 0.01500000
