0 0.58937500 0.42312500 0.02375000 0.01625000
0 0.62500000 0.44250000 0.02500000 0.01750000
0 0.89375000 0.16437500 0.02500000 0.01875000
0 0.74250000 0.61937500 0.01750000 0.03875000
0 0.61250000 0.18062500 0.02250000 0.01625000
0 0.58562500 0.68875000 0.01375000 0.04250000
0 0.60000000 0.26187500 0.03500000 0.02125000
0 0.87500000 0.22937500 0.02250000 0.02375000
0 0.67562500 0.29125000 0.03625000 0.01750000
0 0.85125000 0.31375000 0.01500000 0.02000000
0 0.62625000 0.28937500 0.06250000 0.03125000
0 0.56312500 0.95062500 0.00875000 0.01625000
0 0.63812500 0.28687500 0.03125000 0.01625000
0 0.65812500 0.15312500 0.05125000 0.03875000
0 0.61500000 0.59812500 0.02250000 0.05625000
0 0.56625000 0.79375000 0.01500000 0.02250000
