0 0.68625000 0.79500000 0.06000000 0.02250000
0 0.75312500 0.92500000 0.04375000 0.01500000
0 0.74625000 0.45750000 0.05750000 0.02250000
0 0.77937500 0.95562500 0.02375000 0.01125000
0 0.76000000 0.12062500 0.01250000 0.02625000
0 0.74312500 0.95375000 0.02375000 0.01500000
0 0.60562500 0.16250000 0.01375000 0.04000000
0 0.71375000 0.95000000 0.02000000 0.01500000
0 0.63625000 0.04125000 0.01000000 0.01750000
0 0.81187500 0.85562500 0.05125000 0.05375000
0 0.64375000 0.01562500 0.01250000 0.02875000
0 0.68937500 0.93500000 0.04375000 0.01750000
0 0.98437500 0.88687500 0.02875000 0.02875000
0 0.94125000 0.78625000 0.03250000 0.02750000
0 0.96375000 0.81500000 0.02250000 0.02000000
0 0.97500000 0.82500000 0.02250000 0.02250000
