0 0.56375000 0.20062500 0.00750000 0.01625000
0 0.73000000 0.73250000 0.01000000 0.01750000
0 0.73625000 0.23187500 0.04500000 0.02625000
0 0.71687500 0.73125000 0.01125000 0.02000000
0 0.56625000 0.04312500 0.01250000 0.02125000
0 0.70312500 0.73437500 0.00875000 0.02375000
0 0.73687500 0.70500000 0.04625000 0.01000000
0 0.68187500 0.70812500 0.02125000 0.01125000
0 0.64187500 0.71500000 0.05125000 0.01500000
0 0.86937500 0.54062500 0.05125000 0.05875000
0 0.75062500 0.73375000 0.00875000 0.01250000
0 0.76250000 0.73250000 0.01000000 0.01750000
0 0.98875000 0.64125000 0.02250000 0.02250000
