0 0.90250000 0.56625000 0.04000000 0.02750000
0 0.74812500 0.54687500 0.01375000 0.00625000
0 0.72375000 0.41687500 0.01500000 0.00875000
0 0.78375000 0.57312500 0.01000000 0.01375000
0 0.78187500 0.43875000 0.01625000 0.01500000
0 0.75875000 0.57500000 0.01750000 0.01000000
0 0.66562500 0.34625000 0.01375000 0.00750000
0 0.72750000 0.56562500 0.01000000 0.00875000
0 0.93125000 0.62937500 0.01500000 0.00625000
0 0.70625000 0.54875000 0.02750000 0.01000000
0 0.60687500 0.04312500 0.00875000 0.03125000
0 0.60687500 0.01562500 0.01625000 0.02375000
0 0.76875000 0.54500000 0.02500000 0.00750000
0 0.78562500 0.54000000 0.00875000 0.01250000
