0 0.88500000 0.53875000 0.02250000 0.02750000
0 0.73500000 0.71812500 0.01000000 0.01375000
0 0.70562500 0.56500000 0.02625000 0.01000000
0 0.69187500 0.72750000 0.01125000 0.01500000
0 0.58187500 0.18937500 0.00875000 0.01625000
0 0.67625000 0.70250000 0.02250000 0.01000000
0 0.76250000 0.21375000 0.06250000 0.02500000
0 0.90062500 0.54125000 0.02625000 0.03250000
0 0.75875000 0.68937500 0.04000000 0.01125000
0 0.78375000 0.72250000 0.01000000 0.01500000
0 0.80937500 0.61812500 0.04875000 0.05375000
0 0.74687500 0.71937500 0.01125000 0.01625000
0 0.77187500 0.72000000 0.00875000 0.01250000
0 0.95500000 0.53625000 0.03250000 0.02750000
0 0.93375000 0.55562500 0.01750000 0.01625000
