0 0.44562500 0.36250000 0.02375000 0.06750000
0 0.28562500 0.37687500 0.01875000 0.06375000
0 0.28937500 0.18937500 0.01375000 0.04375000
0 0.49750000 0.21812500 0.01750000 0.04375000
0 0.51750000 0.03875000 0.02500000 0.06000000
0 0.29812500 0.04312500 0.01625000 0.05125000
0 0.28312500 0.96375000 0.02625000 0.07250000
0 0.30687500 0.79000000 0.01625000 0.04500000
0 0.36812500 0.57125000 0.02875000 0.06250000
0 0.36437500 0.58875000 0.01375000 0.02750000
0 0.25312500 0.69687500 0.02375000 0.05375000
