0 0.47125000 0.82562500 0.01750000 0.01875000
0 0.47375000 0.77500000 0.02250000 0.02000000
0 0.71812500 0.67937500 0.01375000 0.02125000
0 0.42375000 0.79750000 0.03250000 0.02500000
0 0.63312500 0.86875000 0.01375000 0.01750000
0 0.43000000 0.81125000 0.02750000 0.01750000
0 0.60312500 0.85500000 0.01375000 0.01250000
0 0.46625000 0.81875000 0.01750000 0.02000000
0 0.31437500 0.55812500 0.01875000 0.02125000
0 0.02937500 0.54687500 0.04375000 0.01125000
0 0.17375000 0.39500000 0.02750000 0.03250000
0 0.36437500 0.74000000 0.03375000 0.00750000
0 0.36500000 0.74875000 0.03250000 0.01250000
