0 0.90625000 0.41687500 0.01750000 0.02375000
0 0.72625000 0.58812500 0.01000000 0.00625000
0 0.72625000 0.43937500 0.05000000 0.01375000
0 0.91250000 0.41375000 0.02000000 0.02250000
0 0.68562500 0.29375000 0.02875000 0.04500000
0 0.87437500 0.12500000 0.01375000 0.02250000
0 0.82562500 0.50250000 0.04375000 0.05000000
0 0.77000000 0.56562500 0.02000000 0.00625000
0 0.59250000 0.06250000 0.01000000 0.01750000
0 0.74750000 0.56687500 0.01000000 0.00625000
0 0.78312500 0.56125000 0.00875000 0.01250000
