0 0.10500000 0.19937500 0.01000000 0.02375000
0 0.26125000 0.24687500 0.01250000 0.01625000
0 0.65750000 0.52000000 0.00750000 0.01000000
0 0.25125000 0.24687500 0.01250000 0.01375000
0 0.70375000 0.49750000 0.01250000 0.06000000
0 0.15125000 0.08812500 0.01000000 0.00875000
0 0.88250000 0.75875000 0.02250000 0.04500000
0 0.01500000 0.12875000 0.03000000 0.01500000
0 0.73437500 0.90000000 0.01875000 0.06750000
0 0.05312500 0.17437500 0.02875000 0.02375000
0 0.72375000 0.93625000 0.00750000 0.02500000
0 0.06187500 0.18312500 0.02625000 0.02375000
0 0.34500000 0.05750000 0.01500000 0.02250000
0 0.32562500 0.20125000 0.02625000 0.01500000
0 0.38812500 0.19312500 0.02875000 0.01625000
