0 0.71500000 0.46250000 0.01000000 0.01000000
0 0.70437500 0.47312500 0.01625000 0.00875000
0 0.67875000 0.17062500 0.03000000 0.04625000
0 0.69187500 0.30875000 0.05375000 0.01750000
0 0.77062500 0.33187500 0.01125000 0.01625000
0 0.82062500 0.38187500 0.04875000 0.05375000
0 0.74375000 0.44062500 0.02500000 0.01125000
0 0.58812500 0.03375000 0.02875000 0.01000000
0 0.72437500 0.46562500 0.00875000 0.01375000
0 0.76812500 0.44125000 0.02125000 0.00750000
0 0.77875000 0.47000000 0.02750000 0.01000000
