0 0.65625000 0.37750000 0.01000000 0.02750000
0 0.69500000 0.27437500 0.02000000 0.04375000
0 0.64625000 0.44625000 0.02750000 0.06250000
0 0.60875000 0.25875000 0.02500000 0.02000000
0 0.62875000 0.51062500 0.01750000 0.03625000
0 0.59250000 0.26812500 0.02500000 0.01625000
0 0.61562500 0.53375000 0.01125000 0.03500000
0 0.65062500 0.12062500 0.03625000 0.02125000
0 0.60187500 0.75625000 0.02625000 0.04250000
0 0.89625000 0.14250000 0.02250000 0.03500000
0 0.60500000 0.79187500 0.01250000 0.03375000
0 0.62312500 0.32500000 0.04625000 0.03500000
0 0.76062500 0.10500000 0.03875000 0.06250000
0 0.70562500 0.13437500 0.03375000 0.02125000
0 0.63562500 0.10375000 0.03375000 0.01750000
