0 0.86500000 0.75250000 0.01500000 0.02000000
0 0.62875000 0.36000000 0.01500000 0.03000000
0 0.59312500 0.72875000 0.00625000 0.01250000
0 0.61625000 0.42812500 0.02250000 0.05625000
0 0.59250000 0.78312500 0.02000000 0.00875000
0 0.59937500 0.52312500 0.02375000 0.07375000
0 0.67812500 0.92250000 0.02875000 0.05000000
0 0.58437500 0.68875000 0.01125000 0.01750000
0 0.60125000 0.15500000 0.02000000 0.01250000
0 0.64812500 0.18000000 0.02125000 0.01500000
0 0.65375000 0.09562500 0.07000000 0.02125000
0 0.64562500 0.27875000 0.01125000 0.02500000
