0 0.61187500 0.24750000 0.01375000 0.01250000
0 0.74937500 0.19437500 0.02875000 0.01625000
0 0.38750000 0.18625000 0.01250000 0.01250000
0 0.51375000 0.08750000 0.01000000 0.00750000
0 0.18062500 0.00812500 0.01625000 0.00625000
0 0.62187500 0.24687500 0.01375000 0.01625000
0 0.41375000 0.17375000 0.03250000 0.02500000
0 0.42375000 0.18312500 0.02500000 0.02625000
0 0.46625000 0.20000000 0.01000000 0.02500000
0 0.35437500 0.12750000 0.07375000 0.01750000
0 0.68750000 0.20125000 0.02500000 0.01750000
0 0.70687500 0.05812500 0.01625000 0.02375000
