0 0.46625000 0.98625000 0.02750000 0.01250000
0 0.41187500 0.95000000 0.03125000 0.02250000
0 0.13500000 0.53812500 0.02500000 0.02875000
0 0.05937500 0.61562500 0.04875000 0.04875000
0 0.01437500 0.68875000 0.02875000 0.01250000
0 0.03375000 0.72250000 0.01000000 0.01500000
0 0.02187500 0.72062500 0.00875000 0.01125000
0 0.15000000 0.54187500 0.02750000 0.03625000
0 0.20500000 0.53812500 0.03250000 0.02625000
0 0.18375000 0.55500000 0.01750000 0.01500000
0 0.40125000 0.93562500 0.03000000 0.02375000
0 0.69437500 0.82437500 0.01625000 0.02375000
