0 0.47125000 0.68437500 0.01500000 0.01875000
0 0.40187500 0.50937500 0.03375000 0.01625000
0 0.50562500 0.69562500 0.01125000 0.01375000
0 0.42687500 0.66375000 0.03125000 0.02250000
0 0.96000000 0.75250000 0.03250000 0.01250000
0 0.45125000 0.68000000 0.02750000 0.02250000
0 0.03250000 0.41562500 0.02750000 0.00875000
0 0.05062500 0.41062500 0.01125000 0.01125000
0 0.01062500 0.44000000 0.00875000 0.01750000
0 0.05250000 0.31500000 0.03000000 0.03750000
0 0.31875000 0.43000000 0.02000000 0.02000000
0 0.72000000 0.54750000 0.01500000 0.02000000
