0 0.58875000 0.79375000 0.01000000 0.01500000
0 0.63375000 0.92875000 0.01000000 0.00500000
0 0.56625000 0.79687500 0.00750000 0.02125000
0 0.84125000 0.84062500 0.02000000 0.01625000
0 0.39125000 0.64125000 0.03250000 0.03250000
0 0.79625000 0.95750000 0.05000000 0.02500000
0 0.88625000 0.97875000 0.08500000 0.02000000
0 0.39187500 0.52875000 0.01375000 0.02250000
0 0.47937500 0.68250000 0.01875000 0.02750000
0 0.87750000 0.85500000 0.05000000 0.02750000
0 0.94875000 0.86562500 0.03750000 0.01125000
