0 0.56687500 0.04625000 0.00875000 0.02000000
0 0.58937500 0.04375000 0.00875000 0.01500000
0 0.84750000 0.23875000 0.01250000 0.00500000
0 0.63437500 0.17875000 0.00875000 0.00500000
0 0.69875000 0.33875000 0.02000000 0.01750000
0 0.87750000 0.10437500 0.04750000 0.02625000
0 0.56062500 0.27375000 0.01375000 0.01500000
0 0.84250000 0.09062500 0.02000000 0.01625000
0 0.54750000 0.24312500 0.01000000 0.01125000
0 0.79750000 0.20750000 0.05000000 0.02500000
0 0.88562500 0.23000000 0.08375000 0.02000000
0 0.94875000 0.11625000 0.03750000 0.01000000
