0 0.63562500 0.61000000 0.03625000 0.03500000
0 0.65125000 0.52375000 0.03250000 0.02750000
0 0.86937500 0.92812500 0.02625000 0.02625000
0 0.64750000 0.53812500 0.02750000 0.02625000
0 0.55375000 0.67062500 0.02250000 0.01375000
0 0.65687500 0.53937500 0.02375000 0.02625000
0 0.74937500 0.76500000 0.01875000 0.02500000
0 0.60187500 0.58312500 0.02375000 0.02875000
0 0.77062500 0.78875000 0.03375000 0.02750000
0 0.61687500 0.55437500 0.02875000 0.03125000
0 0.76625000 0.81562500 0.03250000 0.03125000
0 0.64187500 0.58187500 0.04375000 0.03375000
0 0.30000000 0.18687500 0.03500000 0.04125000
0 0.48812500 0.41750000 0.03375000 0.04000000
0 0.53375000 0.47875000 0.01500000 0.02000000
