0 0.80250000 0.69000000 0.05750000 0.03500000
0 0.65375000 0.76625000 0.12000000 0.08000000
0 0.08000000 0.93062500 0.16000000 0.05875000
0 0.60812500 0.33312500 0.07625000 0.17625000
0 0.67250000 0.48187500 0.04000000 0.07375000
0 0.92437500 0.62937500 0.04875000 0.02875000
0 0.64250000 0.71687500 0.07250000 0.04875000
0 0.29000000 0.03875000 0.06500000 0.06000000
0 0.78375000 0.66187500 0.03250000 0.02375000
0 0.47187500 0.01125000 0.01625000 0.02250000
0 0.91687500 0.59750000 0.02125000 0.01750000
