0 0.28312500 0.95875000 0.10125000 0.06000000
0 0.62812500 0.93500000 0.14875000 0.13000000
0 0.42500000 0.37000000 0.08750000 0.06250000
0 0.27125000 0.45812500 0.02750000 0.01875000
0 0.27375000 0.48875000 0.02750000 0.01750000
0 0.16687500 0.90187500 0.09625000 0.04875000
0 0.11875000 0.86937500 0.01500000 0.03625000
0 0.30750000 0.20875000 0.03750000 0.07250000
0 0.56000000 0.35312500 0.05000000 0.02875000
0 0.47000000 0.80187500 0.13750000 0.12125000
0 0.55062500 0.32187500 0.02125000 0.01875000
