0 0.47937500 0.27500000 0.02875000 0.01000000
0 0.94937500 0.21750000 0.02375000 0.01750000
0 0.67250000 0.71625000 0.06750000 0.03250000
0 0.80562500 0.75687500 0.04125000 0.02875000
0 0.81562500 0.78187500 0.08625000 0.03875000
0 0.56937500 0.01375000 0.02875000 0.01500000
0 0.78312500 0.75687500 0.02375000 0.01375000
0 0.78875000 0.24562500 0.12250000 0.07625000
0 0.79562500 0.30250000 0.02875000 0.01500000
0 0.94000000 0.19937500 0.02750000 0.01875000
0 0.49687500 0.11062500 0.08625000 0.21375000
0 0.95750000 0.22250000 0.03250000 0.02250000
0 0.95875000 0.23437500 0.02500000 0.02125000
