0 0.26312500 0.51937500 0.04625000 0.02625000
0 0.01625000 0.37187500 0.01500000 0.02875000
0 0.14937500 0.34562500 0.03625000 0.07625000
0 0.37625000 0.98812500 0.04250000 0.02375000
0 0.40125000 0.48750000 0.04500000 0.02750000
0 0.27625000 0.54937500 0.06000000 0.03625000
0 0.02500000 0.05250000 0.04750000 0.10500000
0 0.11375000 0.59437500 0.06500000 0.03125000
0 0.12625000 0.62000000 0.05000000 0.02750000
0 0.08125000 0.18812500 0.07000000 0.13875000
0 0.39000000 0.45687500 0.02750000 0.01875000
