0 0.88437500 0.48875000 0.02125000 0.02500000
0 0.84875000 0.45312500 0.02250000 0.03375000
0 0.93312500 0.51687500 0.02875000 0.03375000
0 0.90500000 0.46875000 0.03000000 0.03750000
0 0.64625000 0.13625000 0.01750000 0.02000000
0 0.72125000 0.18875000 0.03750000 0.03500000
0 0.69375000 0.21000000 0.02500000 0.03250000
0 0.74500000 0.31625000 0.03750000 0.04000000
0 0.62125000 0.10062500 0.03250000 0.03875000
0 0.76312500 0.31937500 0.03625000 0.03625000
0 0.82875000 0.42250000 0.03000000 0.02500000
