0 0.27750000 0.16812500 0.01250000 0.02125000
0 0.70062500 0.41250000 0.01875000 0.01750000
0 0.60875000 0.53125000 0.05750000 0.09000000
0 0.54062500 0.41125000 0.02125000 0.02000000
0 0.11437500 0.82187500 0.02625000 0.02625000
0 0.25750000 0.18250000 0.01750000 0.02250000
0 0.19750000 0.31750000 0.03500000 0.04500000
0 0.23000000 0.75687500 0.03750000 0.02125000
0 0.49875000 0.72312500 0.03500000 0.08375000
0 0.27375000 0.16062500 0.01500000 0.02125000
0 0.95750000 0.79375000 0.04250000 0.02000000
0 0.90937500 0.87437500 0.01625000 0.03125000
0 0.38687500 0.78125000 0.07375000 0.04500000
