0 0.21625000 0.27687500 0.08750000 0.05125000
0 0.35312500 0.53437500 0.02125000 0.02625000
0 0.18000000 0.66250000 0.09000000 0.11000000
0 0.03937500 0.90187500 0.07625000 0.04625000
0 0.55062500 0.89500000 0.03625000 0.04250000
0 0.13812500 0.79000000 0.02375000 0.01750000
0 0.71312500 0.89937500 0.04125000 0.01625000
0 0.56687500 0.98812500 0.01875000 0.01625000
0 0.08625000 0.24312500 0.08000000 0.03625000
0 0.19812500 0.53375000 0.02625000 0.02250000
0 0.08500000 0.22937500 0.06250000 0.02625000
0 0.40625000 0.46000000 0.06000000 0.09000000
0 0.77375000 0.89062500 0.03500000 0.01625000
