0 0.20812500 0.23500000 0.02375000 0.02000000
0 0.04500000 0.30250000 0.02750000 0.01750000
0 0.32937500 0.16625000 0.04625000 0.02750000
0 0.05625000 0.75625000 0.04250000 0.02750000
0 0.40000000 0.76500000 0.15750000 0.14750000
0 0.06625000 0.77500000 0.08750000 0.05500000
0 0.80187500 0.86250000 0.04875000 0.06000000
0 0.89937500 0.95062500 0.07375000 0.09875000
0 0.83625000 0.82000000 0.01250000 0.02750000
0 0.05000000 0.24500000 0.10000000 0.07250000
0 0.19937500 0.21812500 0.02375000 0.01625000
0 0.18750000 0.20000000 0.03250000 0.02000000
0 0.20750000 0.22250000 0.03250000 0.02250000
0 0.33437500 0.17312500 0.02625000 0.01875000
0 0.32250000 0.13562500 0.02250000 0.01625000
