0 0.40375000 0.78062500 0.03250000 0.02125000
0 0.15125000 0.43125000 0.02250000 0.03000000
0 0.38750000 0.72312500 0.02000000 0.02375000
0 0.25187500 0.54625000 0.02625000 0.03250000
0 0.52625000 0.94437500 0.03250000 0.02875000
0 0.32500000 0.64125000 0.01750000 0.02000000
0 0.24125000 0.93312500 0.03750000 0.01625000
0 0.39437500 0.70062500 0.03375000 0.03125000
0 0.22625000 0.94500000 0.05000000 0.01750000
0 0.52062500 0.74000000 0.02875000 0.03250000
0 0.61250000 0.99250000 0.02500000 0.01500000
0 0.39750000 0.77062500 0.02500000 0.01875000
0 0.15625000 0.42375000 0.02750000 0.03250000
0 0.12250000 0.37812500 0.03250000 0.04125000
0 0.04562500 0.27875000 0.03125000 0.03750000
