0 0.81375000 0.92875000 0.03750000 0.05750000
0 0.46062500 0.65562500 0.01875000 0.02875000
0 0.69500000 0.78562500 0.03500000 0.04875000
0 0.07437500 0.31875000 0.14875000 0.15500000
0 0.65750000 0.56187500 0.06000000 0.05625000
0 0.02812500 0.55562500 0.05625000 0.06625000
0 0.55750000 0.65187500 0.05750000 0.05125000
0 0.06125000 0.57125000 0.03000000 0.03000000
0 0.76875000 0.69750000 0.03250000 0.03750000
0 0.19187500 0.70437500 0.09375000 0.09125000
0 0.69125000 0.95437500 0.08750000 0.08375000
0 0.51312500 0.97062500 0.04625000 0.04875000
0 0.23687500 0.46750000 0.14875000 0.13500000
0 0.28187500 0.54750000 0.10125000 0.10000000
0 0.42312500 0.63437500 0.06625000 0.07625000
