0 0.13687500 0.03937500 0.02125000 0.01625000
0 0.05812500 0.04625000 0.06125000 0.03500000
0 0.56562500 0.23812500 0.01875000 0.01625000
0 0.52125000 0.25937500 0.02000000 0.02125000
0 0.58312500 0.24875000 0.01125000 0.01500000
0 0.59500000 0.29625000 0.01750000 0.03500000
0 0.77500000 0.14187500 0.03500000 0.01375000
0 0.54937500 0.14500000 0.03625000 0.04250000
0 0.71312500 0.15000000 0.04375000 0.01500000
0 0.81625000 0.13687500 0.01750000 0.01375000
0 0.03937500 0.15250000 0.07875000 0.05000000
