0 0.77875000 0.65125000 0.01250000 0.02750000
0 0.65937500 0.80625000 0.02625000 0.03250000
0 0.39562500 0.86062500 0.03375000 0.03625000
0 0.19312500 0.35250000 0.06375000 0.11000000
0 0.17812500 0.11312500 0.05125000 0.05875000
0 0.16000000 0.38062500 0.01250000 0.03875000
0 0.22062500 0.48562500 0.13375000 0.12125000
0 0.37625000 0.41437500 0.08500000 0.13625000
0 0.22062500 0.65500000 0.14375000 0.12750000
0 0.04437500 0.50062500 0.08875000 0.10375000
0 0.56562500 0.65687500 0.03875000 0.05375000
0 0.66062500 0.86875000 0.03625000 0.04500000
0 0.52812500 0.72812500 0.03375000 0.04625000
0 0.73812500 0.68375000 0.07125000 0.10750000
0 0.27250000 0.21500000 0.08000000 0.13000000
0 0.86937500 0.65812500 0.11375000 0.06625000
0 0.70375000 0.76625000 0.02750000 0.04500000
