0 0.78125000 0.48562500 0.02750000 0.02875000
0 0.74125000 0.40812500 0.02000000 0.02125000
0 0.90937500 0.62625000 0.01875000 0.02750000
0 0.81312500 0.49937500 0.02125000 0.03625000
0 0.54062500 0.14687500 0.02375000 0.02875000
0 0.90687500 0.46312500 0.02375000 0.02875000
0 0.53625000 0.15375000 0.02250000 0.03000000
0 0.61437500 0.60875000 0.03875000 0.03500000
0 0.46000000 0.05687500 0.03250000 0.03625000
0 0.60875000 0.23562500 0.03250000 0.04125000
0 0.44312500 0.02062500 0.02875000 0.03125000
0 0.39937500 0.30250000 0.03625000 0.04250000
0 0.69750000 0.35062500 0.02000000 0.01875000
