0 0.34250000 0.58500000 0.03500000 0.03500000
0 0.72000000 0.28812500 0.02500000 0.02375000
0 0.39812500 0.63187500 0.04125000 0.02125000
0 0.57625000 0.47875000 0.02000000 0.01000000
0 0.39375000 0.40312500 0.15500000 0.04875000
0 0.93312500 0.20500000 0.05125000 0.06750000
0 0.12750000 0.19187500 0.02500000 0.02125000
0 0.45375000 0.04187500 0.01750000 0.02625000
0 0.43687500 0.06000000 0.01625000 0.02500000
0 0.37500000 0.19687500 0.03000000 0.04625000
0 0.74250000 0.03312500 0.09000000 0.05125000
