0 0.39437500 0.78750000 0.15375000 0.05000000
0 0.45250000 0.42375000 0.01750000 0.02000000
0 0.06375000 0.18000000 0.03750000 0.05500000
0 0.45500000 0.43062500 0.01750000 0.01875000
0 0.57625000 0.86500000 0.02000000 0.00750000
0 0.43687500 0.44500000 0.01625000 0.02500000
0 0.72062500 0.67312500 0.02375000 0.02375000
0 0.93312500 0.59000000 0.05125000 0.06750000
0 0.33750000 0.96437500 0.04500000 0.04625000
0 0.74312500 0.42062500 0.09125000 0.05125000
0 0.37500000 0.58125000 0.03000000 0.04750000
0 0.12812500 0.57750000 0.02625000 0.02250000
