0 0.73062500 0.06937500 0.13625000 0.06875000
0 0.49812500 0.86062500 0.08625000 0.21375000
0 0.58187500 0.01812500 0.09875000 0.03625000
0 0.56875000 0.76187500 0.03000000 0.01625000
0 0.94000000 0.94937500 0.02750000 0.01875000
0 0.80375000 0.97937500 0.09250000 0.04125000
0 0.95062500 0.96812500 0.02375000 0.01625000
0 0.95812500 0.98500000 0.02375000 0.02000000
0 0.95750000 0.97250000 0.03250000 0.02250000
0 0.33125000 0.20625000 0.05000000 0.04250000
0 0.66437500 0.37937500 0.02875000 0.05875000
0 0.70625000 0.48312500 0.04500000 0.09125000
0 0.44500000 0.32625000 0.06500000 0.05750000
