0 0.30375000 0.22000000 0.09500000 0.22500000
0 0.95312500 0.28000000 0.09375000 0.04250000
0 0.83750000 0.23687500 0.08000000 0.04125000
0 0.51750000 0.23500000 0.07250000 0.11500000
0 0.63437500 0.88125000 0.04375000 0.02500000
0 0.52000000 0.94187500 0.03750000 0.02375000
0 0.29187500 0.04437500 0.07125000 0.08875000
0 0.92125000 0.66375000 0.10750000 0.11750000
0 0.60125000 0.44000000 0.03500000 0.05000000
0 0.79125000 0.90125000 0.08000000 0.05250000
0 0.51937500 0.95187500 0.01875000 0.01625000
0 0.03187500 0.12312500 0.06375000 0.08125000
