0 0.06812500 0.93750000 0.04375000 0.02500000
0 0.73187500 0.94937500 0.03375000 0.04125000
0 0.49000000 0.43562500 0.03750000 0.04875000
0 0.24625000 0.28437500 0.11250000 0.05625000
0 0.10875000 0.32062500 0.09000000 0.12375000
0 0.15187500 0.32000000 0.02625000 0.03250000
0 0.03625000 0.49625000 0.03500000 0.04750000
0 0.44562500 0.48250000 0.05375000 0.08000000
0 0.53687500 0.59187500 0.02625000 0.02625000
0 0.37875000 0.59000000 0.02500000 0.02500000
0 0.21687500 0.90750000 0.08625000 0.05750000
