0 0.44937500 0.94937500 0.13125000 0.10125000
0 0.06500000 0.19812500 0.01750000 0.02375000
0 0.30625000 0.67812500 0.04750000 0.02625000
0 0.44375000 0.57812500 0.02750000 0.02125000
0 0.46375000 0.60562500 0.05000000 0.03625000
0 0.50500000 0.72875000 0.03000000 0.02500000
0 0.26750000 0.25250000 0.07750000 0.16250000
0 0.19937500 0.08812500 0.03125000 0.06125000
0 0.16750000 0.01875000 0.03000000 0.03750000
0 0.29437500 0.65187500 0.05375000 0.03125000
0 0.57312500 0.51500000 0.02625000 0.01750000
