0 0.33500000 0.28250000 0.12750000 0.12250000
0 0.55812500 0.17062500 0.06375000 0.06875000
0 0.45562500 0.27062500 0.05125000 0.08375000
0 0.77187500 0.66625000 0.03375000 0.04750000
0 0.95937500 0.98312500 0.06875000 0.03375000
0 0.35562500 0.98875000 0.03375000 0.02250000
0 0.31625000 0.96437500 0.03250000 0.01875000
0 0.13562500 0.11250000 0.03375000 0.12000000
0 0.29312500 0.43625000 0.11375000 0.08750000
0 0.34312500 0.10187500 0.04875000 0.07125000
0 0.29375000 0.18250000 0.04750000 0.07250000
