0 0.11125000 0.21687500 0.02250000 0.02125000
0 0.24125000 0.69875000 0.03250000 0.02750000
0 0.35875000 0.63375000 0.03500000 0.02000000
0 0.91125000 0.52437500 0.02000000 0.02125000
0 0.51062500 0.59062500 0.07125000 0.03875000
0 0.20187500 0.13125000 0.09625000 0.09000000
0 0.89312500 0.22687500 0.06875000 0.08375000
0 0.40812500 0.04375000 0.01375000 0.02250000
0 0.42875000 0.01375000 0.02750000 0.02750000
0 0.40375000 0.03687500 0.01500000 0.02125000
0 0.32875000 0.19437500 0.03000000 0.05125000
0 0.66750000 0.09187500 0.02500000 0.00625000
0 0.67250000 0.28687500 0.02250000 0.02125000
