0 0.81687500 0.75687500 0.05875000 0.05125000
0 0.97312500 0.60812500 0.05375000 0.06375000
0 0.78812500 0.72250000 0.01375000 0.02000000
0 0.60125000 0.12875000 0.11250000 0.06750000
0 0.88500000 0.81750000 0.05750000 0.07000000
0 0.77000000 0.42312500 0.04750000 0.04125000
0 0.92812500 0.56312500 0.04875000 0.04625000
0 0.73375000 0.60375000 0.05250000 0.02500000
0 0.73687500 0.02375000 0.02625000 0.01750000
0 0.74562500 0.04312500 0.02375000 0.01625000
0 0.58562500 0.09937500 0.04625000 0.02875000
0 0.59812500 0.59562500 0.10625000 0.05875000
0 0.82250000 0.47250000 0.05500000 0.05750000
