0 0.54187500 0.96562500 0.10875000 0.06875000
0 0.68000000 0.54375000 0.04500000 0.02500000
0 0.40250000 0.80687500 0.11000000 0.07125000
0 0.86125000 0.87187500 0.16250000 0.15625000
0 0.83687500 0.46750000 0.04125000 0.02500000
0 0.69937500 0.56812500 0.04875000 0.02875000
0 0.97875000 0.97500000 0.04250000 0.05000000
0 0.39312500 0.38000000 0.08625000 0.22500000
0 0.45687500 0.08937500 0.01875000 0.02625000
0 0.47500000 0.22625000 0.02250000 0.02500000
0 0.60937500 0.02687500 0.03875000 0.05375000
0 0.96500000 0.40437500 0.02750000 0.01875000
