0 0.60000000 0.65625000 0.09250000 0.03500000
0 0.79437500 0.22375000 0.09125000 0.05250000
0 0.42500000 0.39062500 0.03750000 0.05375000
0 0.28750000 0.32062500 0.05250000 0.04875000
0 0.50750000 0.20875000 0.08250000 0.12000000
0 0.72375000 0.79937500 0.03750000 0.09875000
0 0.85875000 0.57562500 0.07000000 0.08875000
0 0.02625000 0.03250000 0.05250000 0.06500000
0 0.61812500 0.84875000 0.07625000 0.04750000
0 0.01062500 0.70812500 0.02125000 0.01875000
0 0.35937500 0.03500000 0.08125000 0.07000000
0 0.76875000 0.48875000 0.03250000 0.03750000
0 0.16625000 0.37500000 0.03250000 0.03250000
0 0.91125000 0.50625000 0.02250000 0.02500000
0 0.75000000 0.60875000 0.07500000 0.07750000
