0 0.10500000 0.20437500 0.08750000 0.14125000
0 0.41125000 0.18750000 0.12500000 0.08000000
0 0.28500000 0.22125000 0.08750000 0.12750000
0 0.38437500 0.80437500 0.09375000 0.04625000
0 0.76875000 0.44625000 0.07000000 0.08500000
0 0.19875000 0.39812500 0.03000000 0.04625000
0 0.05000000 0.88312500 0.06000000 0.02375000
0 0.10312500 0.48312500 0.05125000 0.06625000
0 0.23187500 0.83875000 0.04375000 0.02500000
0 0.89750000 0.85125000 0.03750000 0.04250000
0 0.63500000 0.93625000 0.02250000 0.04750000
0 0.07250000 0.33375000 0.05750000 0.05500000
0 0.13875000 0.04375000 0.08000000 0.07500000
