0 0.97000000 0.46687500 0.06000000 0.09125000
0 0.90000000 0.58250000 0.02250000 0.02250000
0 0.55625000 0.48812500 0.03000000 0.04375000
0 0.12937500 0.12000000 0.10125000 0.08250000
0 0.24250000 0.08750000 0.05000000 0.06750000
0 0.10062500 0.01312500 0.02875000 0.02625000
0 0.14625000 0.81375000 0.03000000 0.02500000
0 0.46437500 0.10062500 0.05625000 0.06125000
0 0.58687500 0.92937500 0.03875000 0.01875000
0 0.78187500 0.29375000 0.03125000 0.01250000
0 0.85437500 0.90125000 0.03875000 0.11000000
0 0.81125000 0.30687500 0.03750000 0.01375000
0 0.74875000 0.26125000 0.07500000 0.04250000
0 0.50687500 0.14875000 0.04875000 0.05000000
0 0.44000000 0.43437500 0.08500000 0.07625000
0 0.78187500 0.82437500 0.06375000 0.04125000
