0 0.81937500 0.93750000 0.04375000 0.02500000
0 0.85812500 0.32062500 0.08875000 0.12375000
0 0.51750000 0.02125000 0.04250000 0.04250000
0 0.90250000 0.32062500 0.02250000 0.03125000
0 0.37500000 0.11250000 0.02000000 0.02000000
0 0.97187500 0.27500000 0.05625000 0.03750000
0 0.01375000 0.02125000 0.02750000 0.04250000
0 0.37687500 0.31687500 0.16125000 0.14875000
0 0.65937500 0.43437500 0.09375000 0.08875000
0 0.19312500 0.16875000 0.10875000 0.11000000
0 0.67937500 0.32062500 0.07625000 0.11875000
0 0.78500000 0.49625000 0.03750000 0.04750000
0 0.52312500 0.48187500 0.02375000 0.02125000
0 0.96250000 0.90750000 0.07500000 0.05500000
