0 0.74625000 0.79312500 0.02250000 0.01625000
0 0.87562500 0.74187500 0.04375000 0.02625000
0 0.63875000 0.63437500 0.02750000 0.04375000
0 0.87875000 0.74687500 0.02500000 0.01625000
0 0.60125000 0.87875000 0.11250000 0.06750000
0 0.34562500 0.11125000 0.15625000 0.22250000
0 0.43250000 0.26937500 0.01750000 0.02125000
0 0.55875000 0.45375000 0.06500000 0.13000000
0 0.45687500 0.20562500 0.03375000 0.06125000
0 0.73812500 0.77312500 0.03125000 0.01875000
0 0.58500000 0.84875000 0.04750000 0.03000000
0 0.35875000 0.39687500 0.01500000 0.02375000
0 0.86562500 0.71187500 0.02625000 0.01875000
0 0.22937500 0.13937500 0.04125000 0.03125000
0 0.25750000 0.16687500 0.03000000 0.02375000
