0 0.48125000 0.24375000 0.09500000 0.10000000
0 0.90000000 0.70687500 0.02250000 0.02375000
0 0.97000000 0.59187500 0.06000000 0.09125000
0 0.14562500 0.93875000 0.03125000 0.02500000
0 0.78437500 0.95125000 0.07125000 0.04250000
0 0.13062500 0.24750000 0.10125000 0.08000000
0 0.13812500 0.06125000 0.05625000 0.06500000
0 0.10625000 0.12250000 0.04000000 0.05750000
0 0.43937500 0.55875000 0.08375000 0.07250000
0 0.24250000 0.21250000 0.05250000 0.06750000
0 0.74562500 0.39000000 0.07875000 0.04750000
0 0.55500000 0.61437500 0.03000000 0.04625000
0 0.86750000 0.98125000 0.01500000 0.03750000
