0 0.95687500 0.56187500 0.04625000 0.02875000
0 0.66625000 0.66937500 0.03500000 0.02375000
0 0.96062500 0.56812500 0.02625000 0.01625000
0 0.67812500 0.69875000 0.03375000 0.01750000
0 0.69500000 0.80750000 0.04250000 0.03250000
0 0.82187500 0.59250000 0.03625000 0.02500000
0 0.43937500 0.21562500 0.01625000 0.02375000
0 0.54187500 0.03500000 0.02625000 0.03750000
0 0.56500000 0.08687500 0.01250000 0.02375000
0 0.37125000 0.51375000 0.09000000 0.22250000
0 0.70937500 0.43250000 0.03375000 0.06000000
0 0.75125000 0.47625000 0.03750000 0.02250000
0 0.94687500 0.53125000 0.02625000 0.02000000
