0 0.89375000 0.40562500 0.02750000 0.01875000
0 0.66312500 0.69875000 0.01875000 0.02250000
0 0.56625000 0.66875000 0.04750000 0.05250000
0 0.65375000 0.56562500 0.02000000 0.01875000
0 0.70000000 0.72062500 0.01750000 0.01875000
0 0.55750000 0.99375000 0.00750000 0.01250000
0 0.66000000 0.57187500 0.02000000 0.01875000
0 0.51812500 0.91812500 0.01625000 0.02125000
0 0.95937500 0.37312500 0.04875000 0.02625000
0 0.54687500 0.86312500 0.01375000 0.02125000
0 0.70250000 0.53562500 0.03750000 0.03625000
0 0.59750000 0.80375000 0.01500000 0.02000000
0 0.76062500 0.48875000 0.04375000 0.03750000
0 0.49562500 0.75875000 0.03875000 0.05500000
0 0.62875000 0.77625000 0.01500000 0.01750000
0 0.63500000 0.58875000 0.02250000 0.02000000
0 0.52625000 0.71187500 0.02500000 0.02375000
