0 0.90000000 0.32375000 0.01250000 0.01250000
0 0.65875000 0.01625000 0.01250000 0.02000000
0 0.83812500 0.21062500 0.02875000 0.02625000
0 0.64062500 0.03500000 0.01875000 0.02250000
0 0.68375000 0.01375000 0.01500000 0.01750000
0 0.67500000 0.40437500 0.01500000 0.01875000
0 0.68062500 0.41437500 0.01375000 0.02375000
0 0.66312500 0.39625000 0.00875000 0.02250000
0 0.60625000 0.24500000 0.03250000 0.05250000
0 0.62500000 0.31000000 0.02000000 0.03000000
0 0.68625000 0.42062500 0.01000000 0.01875000
0 0.69562500 0.42625000 0.01125000 0.02000000
0 0.61750000 0.01687500 0.01000000 0.01875000
0 0.69625000 0.02875000 0.01250000 0.01750000
0 0.62937500 0.00937500 0.01375000 0.01875000
0 0.68687500 0.03437500 0.01125000 0.01625000
0 0.81437500 0.18812500 0.01875000 0.01625000
0 0.85750000 0.23687500 0.02250000 0.02125000
0 0.64062500 0.00375000 0.01125000 0.00750000
0 0.79125000 0.16562500 0.02750000 0.02625000
0 0.71187500 0.44062500 0.01125000 0.01875000
0 0.73000000 0.44937500 0.01000000 0.02375000
0 0.97812500 0.42375000 0.02375000 0.02000000
0 0.70687500 0.42812500 0.00625000 0.01875000
0 0.70187500 0.42750000 0.00625000 0.01500000
0 0.88125000 0.25812500 0.01500000 0.02375000
0 0.66437500 0.37375000 0.01125000 0.01500000
0 0.68500000 0.06812500 0.01250000 0.01875000
0 0.92500000 0.38812500 0.02000000 0.01875000
0 0.93375000 0.38312500 0.02250000 0.02125000
0 0.86875000 0.31312500 0.01500000 0.01375000
