0 0.32812500 0.61500000 0.00875000 0.02750000
0 0.90000000 0.91812500 0.01250000 0.02375000
0 0.47375000 0.80062500 0.07500000 0.02125000
0 0.78000000 0.17625000 0.07500000 0.01750000
0 0.78125000 0.94875000 0.07250000 0.02250000
0 0.11687500 0.43687500 0.01875000 0.01375000
0 0.42562500 0.41500000 0.00875000 0.02000000
0 0.88500000 0.39812500 0.03250000 0.00625000
0 0.18812500 0.08875000 0.07375000 0.02500000
0 0.18000000 0.38437500 0.06750000 0.01375000
0 0.05500000 0.65375000 0.07000000 0.01750000
0 0.93375000 0.54375000 0.07250000 0.01750000
0 0.02937500 0.95437500 0.05875000 0.01875000
