0 0.90250000 0.11000000 0.03500000 0.01250000
0 0.11687500 0.54312500 0.04375000 0.05375000
0 0.30875000 0.42875000 0.01750000 0.01750000
0 0.15062500 0.50125000 0.01375000 0.01500000
0 0.99500000 0.13125000 0.01000000 0.01250000
0 0.03062500 0.85750000 0.01375000 0.02250000
0 0.32187500 0.50625000 0.01375000 0.01750000
0 0.76437500 0.12375000 0.04125000 0.01750000
0 0.28062500 0.35250000 0.02125000 0.02000000
0 0.25937500 0.37562500 0.01625000 0.01375000
0 0.20437500 0.59375000 0.01625000 0.01750000
0 0.71375000 0.12812500 0.03750000 0.01875000
0 0.85562500 0.11187500 0.04125000 0.01625000
0 0.18937500 0.45375000 0.04375000 0.05000000
0 0.07250000 0.60250000 0.03000000 0.04000000
0 0.81437500 0.11250000 0.03875000 0.01500000
0 0.46062500 0.22437500 0.05375000 0.04625000
0 0.37125000 0.27687500 0.02500000 0.01875000
0 0.33437500 0.31750000 0.02125000 0.01750000
0 0.31437500 0.33125000 0.01875000 0.01500000
