0 0.00125000 0.37625000 0.00250000 0.00750000
0 0.11687500 0.61125000 0.01875000 0.01750000
0 0.03687500 0.39375000 0.06125000 0.03000000
0 0.10187500 0.41875000 0.06125000 0.03000000
0 0.41687500 0.62562500 0.04375000 0.04375000
0 0.65625000 0.99250000 0.01750000 0.01500000
0 0.45937500 0.67437500 0.04625000 0.05125000
0 0.50062500 0.73250000 0.03625000 0.05000000
0 0.16625000 0.45062500 0.05500000 0.04125000
0 0.23500000 0.48937500 0.06000000 0.04125000
0 0.29812500 0.52812500 0.03625000 0.03125000
0 0.34625000 0.56687500 0.05000000 0.04125000
0 0.52750000 0.79000000 0.02750000 0.04250000
0 0.56687500 0.84625000 0.03375000 0.05250000
0 0.60625000 0.91187500 0.02750000 0.03375000
0 0.63312500 0.95187500 0.03375000 0.04625000
