0 0.98250000 0.64625000 0.03500000 0.04500000
0 0.65062500 0.65625000 0.10875000 0.10250000
0 0.97000000 0.85812500 0.06000000 0.13625000
0 0.25312500 0.22437500 0.09875000 0.09875000
0 0.96500000 0.98062500 0.05250000 0.03875000
0 0.10562500 0.09125000 0.14625000 0.14000000
0 0.61375000 0.53187500 0.04500000 0.05625000
0 0.65437500 0.48187500 0.03375000 0.04625000
0 0.47125000 0.67375000 0.04750000 0.04750000
0 0.52125000 0.72562500 0.04000000 0.04375000
0 0.72750000 0.35312500 0.04500000 0.05125000
