0 0.24562500 0.86187500 0.00875000 0.01875000
0 0.59875000 0.13062500 0.00750000 0.02125000
0 0.79937500 0.66937500 0.01375000 0.02625000
0 0.75312500 0.27875000 0.06875000 0.03750000
0 0.18500000 0.62750000 0.06250000 0.02750000
0 0.94187500 0.57375000 0.07125000 0.02750000
0 0.27437500 0.26750000 0.07125000 0.02000000
0 0.97250000 0.29812500 0.05500000 0.01875000
0 0.04125000 0.99437500 0.08250000 0.01125000
0 0.63375000 0.81125000 0.06500000 0.02000000
0 0.47687500 0.68562500 0.06625000 0.02625000
0 0.90187500 0.03875000 0.00875000 0.01750000
0 0.57687500 0.20000000 0.01125000 0.02500000
0 0.95000000 0.96250000 0.06750000 0.03750000
0 0.93000000 0.95750000 0.02750000 0.01250000
