0 0.87687500 0.23375000 0.00875000 0.02000000
0 0.84750000 0.13937500 0.00750000 0.02625000
0 0.67562500 0.31562500 0.00875000 0.02125000
0 0.79000000 0.16062500 0.00750000 0.02125000
0 0.74375000 0.30312500 0.00750000 0.02125000
0 0.77750000 0.00687500 0.01000000 0.01375000
0 0.74875000 0.05000000 0.00750000 0.02000000
0 0.77812500 0.19750000 0.01375000 0.03000000
0 0.69000000 0.26000000 0.01000000 0.02750000
0 0.78562500 0.30250000 0.01125000 0.02750000
0 0.72062500 0.46750000 0.00875000 0.02500000
0 0.80250000 0.59812500 0.01750000 0.02625000
0 0.76625000 0.44687500 0.01000000 0.02625000
0 0.68750000 0.65312500 0.01000000 0.01625000
0 0.76875000 0.65750000 0.01250000 0.02750000
0 0.75937500 0.65687500 0.00875000 0.02875000
0 0.79750000 0.49312500 0.00750000 0.01875000
0 0.79000000 0.72562500 0.00750000 0.02125000
0 0.85250000 0.53812500 0.01000000 0.01875000
0 0.74250000 0.73937500 0.01000000 0.03125000
0 0.75125000 0.65625000 0.01000000 0.03000000
0 0.83437500 0.29687500 0.01125000 0.01875000
0 0.83687500 0.82187500 0.01875000 0.00875000
0 0.76875000 0.95250000 0.01250000 0.02000000
0 0.78687500 0.04437500 0.01125000 0.02625000
0 0.83875000 0.04125000 0.00750000 0.02250000
0 0.73875000 0.24000000 0.01000000 0.03000000
0 0.80687500 0.33875000 0.00875000 0.02250000
0 0.74500000 0.24250000 0.01000000 0.03000000
0 0.87312500 0.26437500 0.00625000 0.01375000
0 0.82562500 0.01125000 0.00875000 0.01750000
0 0.86625000 0.18000000 0.00750000 0.01500000
0 0.83125000 0.25750000 0.00750000 0.01250000
0 0.84500000 0.23062500 0.00750000 0.02125000
0 0.86375000 0.21000000 0.01250000 0.00750000
0 0.84250000 0.45687500 0.01000000 0.01875000
0 0.67437500 0.85187500 0.01375000 0.03125000
0 0.72312500 0.79500000 0.00875000 0.02250000
0 0.87937500 0.05687500 0.01125000 0.03625000
0 0.80375000 0.98312500 0.01000000 0.02125000
0 0.86187500 0.47187500 0.00625000 0.01625000
0 0.77312500 0.82000000 0.00875000 0.02250000
0 0.71000000 0.60812500 0.01000000 0.02375000
0 0.80500000 0.78500000 0.01250000 0.01750000
0 0.80750000 0.15125000 0.01250000 0.02750000
0 0.81562500 0.15187500 0.01125000 0.02625000
0 0.82500000 0.15312500 0.01250000 0.02625000
0 0.70687500 0.10125000 0.01625000 0.02250000
0 0.82312500 0.40562500 0.01125000 0.03125000
0 0.83187500 0.40250000 0.00875000 0.03000000
0 0.87687500 0.36500000 0.00875000 0.02250000
0 0.81250000 0.90375000 0.01750000 0.00750000
0 0.79562500 0.24062500 0.02125000 0.02375000
0 0.78687500 0.24625000 0.01625000 0.02000000
0 0.74187500 0.36375000 0.01875000 0.02750000
