0 0.12687500 0.23375000 0.00875000 0.02000000
0 0.09750000 0.13937500 0.00750000 0.02625000
0 0.04000000 0.16062500 0.00750000 0.02125000
0 0.02750000 0.00687500 0.01000000 0.01375000
0 0.02812500 0.19750000 0.01375000 0.03000000
0 0.03562500 0.30250000 0.01125000 0.02750000
0 0.05250000 0.59812500 0.01750000 0.02625000
0 0.01625000 0.44687500 0.01000000 0.02625000
0 0.01875000 0.65750000 0.01250000 0.02750000
0 0.00937500 0.65687500 0.00875000 0.02875000
0 0.04750000 0.49312500 0.00750000 0.01875000
0 0.04000000 0.72562500 0.00750000 0.02125000
0 0.10250000 0.53812500 0.01000000 0.01875000
0 0.00312500 0.65625000 0.00625000 0.03000000
0 0.08437500 0.29687500 0.01125000 0.01875000
0 0.08687500 0.82187500 0.01875000 0.00875000
0 0.01875000 0.95250000 0.01250000 0.02000000
0 0.03687500 0.04437500 0.01125000 0.02625000
0 0.08875000 0.04125000 0.00750000 0.02250000
0 0.05687500 0.33875000 0.00875000 0.02250000
0 0.12312500 0.26437500 0.00625000 0.01375000
0 0.07562500 0.01125000 0.00875000 0.01750000
0 0.11625000 0.18000000 0.00750000 0.01500000
0 0.08125000 0.25750000 0.00750000 0.01250000
0 0.09500000 0.23062500 0.00750000 0.02125000
0 0.11375000 0.21000000 0.01250000 0.00750000
0 0.09250000 0.45687500 0.01000000 0.01875000
0 0.12937500 0.05687500 0.01125000 0.03625000
0 0.05375000 0.98312500 0.01000000 0.02125000
0 0.11187500 0.47187500 0.00625000 0.01625000
0 0.02312500 0.82000000 0.00875000 0.02250000
0 0.05500000 0.78500000 0.01250000 0.01750000
0 0.06187500 0.90437500 0.01875000 0.00875000
0 0.05687500 0.15062500 0.01375000 0.02625000
0 0.06500000 0.15187500 0.01250000 0.02625000
0 0.07375000 0.15312500 0.01000000 0.02625000
0 0.07375000 0.40437500 0.01250000 0.03125000
0 0.08250000 0.40312500 0.01000000 0.03125000
0 0.12687500 0.36625000 0.00875000 0.02250000
0 0.04500000 0.24125000 0.02000000 0.02500000
0 0.03687500 0.24750000 0.01625000 0.02000000
