0 0.50687500 0.95625000 0.02125000 0.00750000
0 0.59625000 0.68562500 0.02000000 0.01375000
0 0.04937500 0.66937500 0.01375000 0.02625000
0 0.01875000 0.27375000 0.03750000 0.02750000
0 0.19187500 0.57375000 0.07125000 0.02750000
0 0.23187500 0.29812500 0.07375000 0.01875000
0 0.71062500 0.74562500 0.07375000 0.02375000
0 0.80687500 0.53875000 0.00625000 0.02250000
0 0.15187500 0.03875000 0.00875000 0.01750000
0 0.99125000 0.25500000 0.01750000 0.02250000
0 0.49812500 0.39687500 0.06875000 0.02125000
0 0.20000000 0.96250000 0.06750000 0.03750000
0 0.18000000 0.95750000 0.02750000 0.01250000
0 0.39687500 0.07750000 0.07625000 0.02000000
0 0.44812500 0.81750000 0.06875000 0.03250000
0 0.86062500 0.93750000 0.06375000 0.01500000
0 0.77375000 0.20562500 0.07250000 0.01875000
