0 0.85312500 0.92812500 0.02625000 0.00625000
0 0.99562500 0.11187500 0.00875000 0.01875000
0 0.89125000 0.99812500 0.02000000 0.00375000
0 0.65812500 0.99312500 0.02375000 0.00625000
0 0.69687500 0.09312500 0.01375000 0.02625000
0 0.78937500 0.24937500 0.08625000 0.02125000
0 0.47250000 0.45562500 0.00750000 0.02375000
0 0.57250000 0.82812500 0.01750000 0.01625000
0 0.78500000 0.52937500 0.07000000 0.02875000
0 0.70250000 0.98875000 0.03000000 0.00750000
0 0.99000000 0.82500000 0.02000000 0.01000000
0 0.75812500 0.97812500 0.03125000 0.00625000
0 0.81875000 0.99187500 0.03250000 0.00875000
0 0.10500000 0.04562500 0.01750000 0.02875000
0 0.47750000 0.08875000 0.04250000 0.01500000
0 0.66125000 0.16750000 0.01000000 0.02500000
