0 0.10312500 0.92812500 0.02625000 0.00625000
0 0.24562500 0.11187500 0.00875000 0.01875000
0 0.14125000 0.99812500 0.02000000 0.00375000
0 0.30125000 0.91875000 0.03500000 0.01250000
0 0.04125000 0.24937500 0.08250000 0.02125000
0 0.03500000 0.52937500 0.07000000 0.02875000
0 0.63375000 0.06125000 0.06500000 0.02000000
0 0.40750000 0.88500000 0.03000000 0.00750000
0 0.44437500 0.27687500 0.06625000 0.02125000
0 0.24312500 0.82500000 0.02625000 0.01000000
0 0.54875000 0.75812500 0.02500000 0.01125000
0 0.68375000 0.80375000 0.02500000 0.01000000
0 0.01187500 0.97812500 0.02375000 0.00625000
0 0.06875000 0.99187500 0.03250000 0.00875000
0 0.67000000 0.65125000 0.02750000 0.01000000
0 0.67312500 0.52562500 0.03875000 0.01125000
0 0.95000000 0.21250000 0.06750000 0.03750000
0 0.93000000 0.20750000 0.02750000 0.01250000
