0 0.17625000 0.83125000 0.01500000 0.02250000
0 0.04000000 0.41000000 0.04500000 0.04750000
0 0.25437500 0.74312500 0.03625000 0.05125000
0 0.10562500 0.78500000 0.01875000 0.02000000
0 0.19750000 0.86937500 0.01750000 0.02375000
0 0.07687500 0.79750000 0.01375000 0.01750000
0 0.18750000 0.90312500 0.01000000 0.01625000
0 0.08437500 0.46000000 0.03625000 0.03750000
0 0.12250000 0.51500000 0.03500000 0.05000000
0 0.24000000 0.98062500 0.01000000 0.01875000
0 0.07500000 0.77312500 0.01500000 0.01875000
0 0.26187500 0.96687500 0.01375000 0.01625000
0 0.23062500 0.95437500 0.00875000 0.01875000
0 0.28812500 0.80062500 0.03625000 0.05375000
0 0.32187500 0.86062500 0.03125000 0.04625000
0 0.14312500 0.82250000 0.01875000 0.02000000
0 0.22375000 0.91812500 0.01500000 0.01875000
0 0.09500000 0.85437500 0.01250000 0.01625000
0 0.25062500 0.93000000 0.01875000 0.02000000
0 0.15562500 0.57000000 0.03375000 0.05000000
0 0.18750000 0.62812500 0.03500000 0.04875000
0 0.11312500 0.84750000 0.01375000 0.01750000
0 0.20437500 0.93687500 0.01625000 0.01875000
0 0.16250000 0.86312500 0.01000000 0.01875000
0 0.27250000 0.98937500 0.01250000 0.02125000
0 0.22062500 0.68187500 0.03625000 0.05375000
0 0.20750000 0.97625000 0.01750000 0.02000000
0 0.08250000 0.82625000 0.01750000 0.02000000
0 0.09375000 0.82000000 0.02000000 0.02000000
0 0.13500000 0.87250000 0.01750000 0.01750000
0 0.02250000 0.67750000 0.01000000 0.01750000
