0 0.28875000 0.54937500 0.01250000 0.01875000
0 0.35000000 0.94687500 0.01750000 0.01625000
0 0.21062500 0.49812500 0.01125000 0.01875000
0 0.03500000 0.21062500 0.01500000 0.01625000
0 0.06937500 0.23687500 0.01375000 0.01875000
0 0.03312500 0.23312500 0.01875000 0.01625000
0 0.07687500 0.25875000 0.01375000 0.01750000
0 0.01312500 0.07750000 0.02125000 0.02250000
0 0.25500000 0.49562500 0.01250000 0.01875000
0 0.28250000 0.50750000 0.01500000 0.02000000
0 0.12937500 0.21875000 0.01875000 0.02250000
0 0.05375000 0.20687500 0.01250000 0.02375000
0 0.11250000 0.25500000 0.01500000 0.02250000
0 0.18187500 0.27437500 0.01375000 0.01875000
0 0.15812500 0.31000000 0.01375000 0.02500000
0 0.19375000 0.30687500 0.01750000 0.01875000
0 0.25937500 0.46562500 0.01625000 0.01875000
0 0.16562500 0.38375000 0.01125000 0.01750000
0 0.20437500 0.44062500 0.01625000 0.02375000
0 0.27375000 0.54562500 0.01250000 0.01375000
0 0.16062500 0.40500000 0.01875000 0.02500000
0 0.23562500 0.47375000 0.01375000 0.01750000
0 0.13437500 0.31375000 0.01375000 0.02500000
0 0.18812500 0.33062500 0.01375000 0.01875000
0 0.11937500 0.32062500 0.00875000 0.01875000
0 0.15125000 0.34375000 0.01750000 0.02000000
0 0.27375000 0.56250000 0.01500000 0.01750000
0 0.24500000 0.39375000 0.01500000 0.02250000
0 0.23125000 0.50000000 0.01500000 0.02250000
0 0.30125000 0.60500000 0.01500000 0.02500000
0 0.26000000 0.52687500 0.01250000 0.02125000
0 0.01125000 0.14625000 0.01250000 0.01750000
0 0.00812500 0.11500000 0.01375000 0.01750000
0 0.03312500 0.15125000 0.01875000 0.02250000
0 0.27437500 0.58937500 0.01125000 0.01875000
0 0.23062500 0.78437500 0.03125000 0.05375000
0 0.07187500 0.19062500 0.01625000 0.02125000
0 0.13750000 0.25875000 0.01250000 0.01750000
0 0.07937500 0.14312500 0.01875000 0.02125000
0 0.03812500 0.12000000 0.01625000 0.02000000
0 0.03250000 0.17937500 0.01500000 0.02125000
0 0.00875000 0.19625000 0.01500000 0.01750000
0 0.24687500 0.84312500 0.02375000 0.03125000
0 0.32125000 0.89812500 0.01500000 0.01625000
0 0.10750000 0.17437500 0.01500000 0.01875000
0 0.12937500 0.28687500 0.00875000 0.01625000
0 0.09500000 0.22375000 0.01250000 0.01750000
0 0.09750000 0.30125000 0.01500000 0.02500000
0 0.10500000 0.33250000 0.01000000 0.02000000
0 0.15125000 0.33437500 0.01250000 0.01125000
0 0.12625000 0.34375000 0.01000000 0.02000000
0 0.10312500 0.11000000 0.01875000 0.02250000
0 0.21187500 0.34500000 0.01625000 0.02500000
0 0.31125000 0.60062500 0.01500000 0.01875000
0 0.18000000 0.44375000 0.01500000 0.02500000
0 0.28812500 0.92937500 0.01375000 0.01875000
0 0.24375000 0.53937500 0.01000000 0.01875000
0 0.22937500 0.44312500 0.01375000 0.01875000
0 0.32187500 0.91875000 0.01375000 0.01750000
0 0.25687500 0.56375000 0.01125000 0.01750000
0 0.13937500 0.36312500 0.01375000 0.02125000
0 0.00437500 0.04875000 0.00875000 0.01750000
0 0.23062500 0.37062500 0.01375000 0.01625000
0 0.17812500 0.35250000 0.01125000 0.01750000
0 0.26937500 0.45875000 0.01125000 0.01750000
0 0.18250000 0.38125000 0.01250000 0.01750000
0 0.20375000 0.46437500 0.01750000 0.02375000
0 0.29500000 0.93437500 0.01500000 0.02125000
0 0.25500000 0.42812500 0.01500000 0.01875000
0 0.30125000 0.94062500 0.01250000 0.02125000
0 0.29625000 0.53000000 0.01250000 0.01500000
0 0.03187500 0.12312500 0.01875000 0.02125000
0 0.30500000 0.95125000 0.01750000 0.02250000
0 0.54062500 0.85062500 0.01375000 0.01375000
0 0.65562500 0.96250000 0.01625000 0.01750000
0 0.53562500 0.90437500 0.01375000 0.01625000
0 0.65625000 0.99250000 0.02250000 0.01500000
0 0.15875000 0.24687500 0.01500000 0.02125000
0 0.15187500 0.25062500 0.01625000 0.01875000
0 0.14562500 0.25562500 0.01375000 0.01375000
0 0.21437500 0.38875000 0.01875000 0.02500000
0 0.20562500 0.39375000 0.01875000 0.01750000
0 0.53062500 0.88125000 0.02375000 0.02250000
0 0.52375000 0.88750000 0.02000000 0.02000000
0 0.56937500 0.92750000 0.01625000 0.01500000
0 0.60875000 0.95625000 0.02250000 0.02250000
0 0.60250000 0.96062500 0.02250000 0.02125000
0 0.59625000 0.96687500 0.02000000 0.02125000
