0 0.91250000 0.79437500 0.02000000 0.02375000
0 0.02687500 0.32437500 0.05375000 0.05875000
0 0.97687500 0.69875000 0.04625000 0.07750000
0 0.01750000 0.08750000 0.03500000 0.07500000
0 0.51062500 0.49125000 0.06875000 0.10750000
0 0.43000000 0.67500000 0.03250000 0.04500000
0 0.31312500 0.62812500 0.04375000 0.04625000
0 0.19562500 0.16500000 0.03125000 0.03250000
0 0.79437500 0.51437500 0.10875000 0.05125000
0 0.86312500 0.62625000 0.08125000 0.09500000
0 0.76812500 0.77625000 0.02875000 0.03750000
