0 0.96062500 0.49812500 0.01125000 0.01875000
0 0.78500000 0.21062500 0.01500000 0.01625000
0 0.71937500 0.00875000 0.01875000 0.01750000
0 0.81937500 0.23687500 0.01375000 0.01875000
0 0.78312500 0.23312500 0.01875000 0.01625000
0 0.82687500 0.25875000 0.01375000 0.01750000
0 0.69562500 0.15625000 0.01375000 0.01750000
0 0.76312500 0.07750000 0.02125000 0.02250000
0 0.73687500 0.15625000 0.01375000 0.01750000
0 0.87937500 0.21875000 0.01875000 0.02250000
0 0.80375000 0.20687500 0.01250000 0.02375000
0 0.86250000 0.25500000 0.01500000 0.02250000
0 0.93187500 0.27437500 0.01375000 0.01875000
0 0.90812500 0.31000000 0.01375000 0.02500000
0 0.94375000 0.30687500 0.01750000 0.01875000
0 0.91562500 0.38375000 0.01125000 0.01750000
0 0.95437500 0.44062500 0.01625000 0.02375000
0 0.91062500 0.40500000 0.01875000 0.02500000
0 0.72375000 0.06312500 0.01750000 0.01875000
0 0.98562500 0.47375000 0.01375000 0.01750000
0 0.88437500 0.31375000 0.01375000 0.02500000
0 0.75000000 0.30562500 0.01500000 0.01625000
0 0.93812500 0.33062500 0.01375000 0.01875000
0 0.69812500 0.03375000 0.01875000 0.02250000
0 0.86937500 0.32062500 0.00875000 0.01875000
0 0.54750000 0.03687500 0.01500000 0.01625000
0 0.90125000 0.34375000 0.01750000 0.02000000
0 0.99375000 0.39375000 0.01250000 0.02250000
0 0.98125000 0.50000000 0.01500000 0.02250000
0 0.73062500 0.09375000 0.01125000 0.02000000
0 0.76125000 0.14625000 0.01250000 0.01750000
0 0.75812500 0.11500000 0.01375000 0.01750000
0 0.67875000 0.00687500 0.01500000 0.01375000
0 0.78312500 0.15125000 0.01875000 0.02250000
0 0.98062500 0.78437500 0.03125000 0.05375000
0 0.82187500 0.19062500 0.01625000 0.02125000
0 0.88750000 0.25875000 0.01250000 0.01750000
0 0.82937500 0.14312500 0.01875000 0.02125000
0 0.78812500 0.12000000 0.01625000 0.02000000
0 0.78250000 0.17937500 0.01500000 0.02125000
0 0.75875000 0.19625000 0.01500000 0.01750000
0 0.99250000 0.84187500 0.01500000 0.02875000
0 0.85750000 0.17437500 0.01500000 0.01875000
0 0.87937500 0.28687500 0.00875000 0.01625000
0 0.84500000 0.22375000 0.01250000 0.01750000
0 0.84750000 0.30125000 0.01500000 0.02500000
0 0.85500000 0.33250000 0.01000000 0.02000000
0 0.90125000 0.33437500 0.01250000 0.01125000
0 0.87625000 0.34375000 0.01000000 0.02000000
0 0.85312500 0.11000000 0.01875000 0.02250000
0 0.96187500 0.34500000 0.01625000 0.02500000
0 0.93000000 0.44375000 0.01500000 0.02500000
0 0.99375000 0.53937500 0.01000000 0.01875000
0 0.97937500 0.44312500 0.01375000 0.01875000
0 0.88937500 0.36312500 0.01375000 0.02125000
0 0.75062500 0.04750000 0.01625000 0.02000000
0 0.98062500 0.37062500 0.01375000 0.01625000
0 0.92812500 0.35250000 0.01125000 0.01750000
0 0.93250000 0.38125000 0.01250000 0.01750000
0 0.95375000 0.46437500 0.01750000 0.02375000
0 0.73187500 0.12625000 0.01375000 0.01750000
0 0.78187500 0.12250000 0.01625000 0.02000000
0 0.90937500 0.24750000 0.01375000 0.02000000
0 0.90187500 0.25125000 0.01375000 0.01750000
0 0.89500000 0.25625000 0.01250000 0.01500000
0 0.96437500 0.38875000 0.02125000 0.02500000
0 0.95562500 0.39375000 0.01625000 0.01750000
