0 0.15000000 0.32375000 0.01250000 0.01250000
0 0.08812500 0.21062500 0.02875000 0.02625000
0 0.67812500 0.63937500 0.01875000 0.00875000
0 0.26000000 0.40750000 0.01750000 0.01500000
0 0.27125000 0.42500000 0.01500000 0.01750000
0 0.33125000 0.49250000 0.02500000 0.02250000
0 0.37500000 0.51562500 0.01750000 0.01625000
0 0.38437500 0.53562500 0.01875000 0.01875000
0 0.06437500 0.18812500 0.01875000 0.01625000
0 0.10750000 0.23687500 0.02250000 0.02125000
0 0.40312500 0.52750000 0.01875000 0.01750000
0 0.04125000 0.16562500 0.02750000 0.02625000
0 0.40562500 0.55000000 0.01875000 0.01500000
0 0.22812500 0.42375000 0.02375000 0.02000000
0 0.53625000 0.61312500 0.01750000 0.01375000
0 0.27562500 0.45125000 0.01875000 0.02000000
0 0.13062500 0.25750000 0.01625000 0.02500000
0 0.11812500 0.31375000 0.01375000 0.01500000
0 0.17437500 0.38750000 0.02125000 0.02000000
0 0.18375000 0.38312500 0.02250000 0.02125000
