0 0.91625000 0.33250000 0.01250000 0.02250000
0 0.86812500 0.41812500 0.02125000 0.01875000
0 0.76437500 0.48687500 0.01375000 0.01875000
0 0.78187500 0.51500000 0.01125000 0.01750000
0 0.83750000 0.31500000 0.01750000 0.02750000
0 0.77125000 0.35312500 0.01500000 0.01625000
0 0.83687500 0.07187500 0.01875000 0.00875000
0 0.75125000 0.35625000 0.01250000 0.01500000
0 0.76875000 0.20250000 0.01250000 0.02000000
0 0.73500000 0.39000000 0.01500000 0.02500000
0 0.79812500 0.50625000 0.01625000 0.02250000
0 0.86375000 0.59875000 0.01500000 0.01500000
0 0.90812500 0.77625000 0.01875000 0.01500000
0 0.67437500 0.10187500 0.01375000 0.03125000
0 0.72312500 0.04500000 0.00875000 0.02250000
0 0.80375000 0.23312500 0.01000000 0.02125000
0 0.82125000 0.26250000 0.01250000 0.01500000
0 0.79250000 0.38312500 0.01750000 0.02375000
0 0.77312500 0.07000000 0.00875000 0.02250000
0 0.80500000 0.03500000 0.01250000 0.01750000
0 0.76750000 0.60625000 0.02000000 0.02000000
0 0.78375000 0.27437500 0.00750000 0.02375000
0 0.75375000 0.45750000 0.01250000 0.02000000
0 0.75375000 0.32625000 0.00750000 0.02250000
0 0.81312500 0.44875000 0.02125000 0.02250000
0 0.81250000 0.15437500 0.01750000 0.00875000
0 0.82062500 0.35062500 0.01625000 0.02125000
0 0.82625000 0.34312500 0.02000000 0.02375000
0 0.83437500 0.34312500 0.01875000 0.02375000
0 0.59375000 0.45437500 0.02750000 0.03375000
0 0.18187500 0.63062500 0.01875000 0.00625000
