0 0.14375000 0.40562500 0.02750000 0.01875000
0 0.72000000 0.36750000 0.06500000 0.03000000
0 0.41375000 0.45187500 0.01750000 0.00875000
0 0.86687500 0.61125000 0.01875000 0.01750000
0 0.78687500 0.39375000 0.06125000 0.03000000
0 0.33937500 0.34000000 0.03625000 0.01250000
0 0.85187500 0.41875000 0.06125000 0.03000000
0 0.39000000 0.33812500 0.04000000 0.01625000
0 0.91625000 0.45062500 0.05500000 0.04125000
0 0.44312500 0.32875000 0.03625000 0.01250000
0 0.97750000 0.48812500 0.04500000 0.03875000
0 0.20937500 0.37312500 0.04875000 0.02625000
0 0.29687500 0.34812500 0.03125000 0.01625000
0 0.01625000 0.48812500 0.03250000 0.03625000
0 0.49125000 0.32937500 0.03000000 0.01375000
0 0.53562500 0.33062500 0.02875000 0.01375000
0 0.57937500 0.33812500 0.02875000 0.01375000
0 0.63875000 0.35125000 0.05750000 0.03250000
