0 0.94500000 0.53937500 0.03000000 0.03375000
0 0.74062500 0.66875000 0.12375000 0.12250000
0 0.12812500 0.05625000 0.14125000 0.11250000
0 0.70312500 0.82000000 0.09625000 0.08000000
0 0.19187500 0.21562500 0.02125000 0.03125000
0 0.41500000 0.30500000 0.09500000 0.09250000
0 0.69187500 0.30312500 0.09125000 0.08625000
0 0.72062500 0.30187500 0.04125000 0.03875000
0 0.15687500 0.20687500 0.05875000 0.04875000
0 0.76125000 0.46625000 0.05250000 0.08250000
0 0.76750000 0.27812500 0.06000000 0.05375000
