0 0.15250000 0.11000000 0.03500000 0.01250000
0 0.34750000 0.15500000 0.07250000 0.03000000
0 0.92625000 0.83125000 0.01500000 0.02250000
0 0.72812500 0.35437500 0.04875000 0.04125000
0 0.79000000 0.41000000 0.04500000 0.04750000
0 0.27312500 0.13687500 0.06625000 0.02625000
0 0.99312500 0.73375000 0.01375000 0.03250000
0 0.54125000 0.23750000 0.04750000 0.04000000
0 0.85562500 0.78500000 0.01875000 0.02000000
0 0.94750000 0.86937500 0.01750000 0.02375000
0 0.82687500 0.79750000 0.01375000 0.01750000
0 0.93750000 0.90312500 0.01000000 0.01625000
0 0.83437500 0.46000000 0.03625000 0.03750000
0 0.01750000 0.12375000 0.03500000 0.01750000
0 0.87250000 0.51500000 0.03500000 0.05000000
0 0.99000000 0.98062500 0.01000000 0.01875000
0 0.82500000 0.77312500 0.01500000 0.01875000
0 0.45125000 0.30375000 0.02500000 0.02250000
0 0.98062500 0.95437500 0.00875000 0.01875000
0 0.67250000 0.31375000 0.04000000 0.03000000
0 0.40625000 0.17750000 0.05750000 0.02750000
0 0.89312500 0.82250000 0.01875000 0.02000000
0 0.97375000 0.91812500 0.01500000 0.01875000
0 0.84500000 0.85437500 0.01250000 0.01625000
0 0.99562500 0.92750000 0.00875000 0.01500000
0 0.90562500 0.57000000 0.03375000 0.05000000
0 0.93750000 0.62812500 0.03500000 0.04875000
0 0.67625000 0.54812500 0.01750000 0.02125000
0 0.47312500 0.20250000 0.06375000 0.03250000
0 0.70375000 0.64250000 0.01000000 0.01750000
0 0.10562500 0.11187500 0.04125000 0.01625000
0 0.86312500 0.84750000 0.01375000 0.01750000
0 0.95437500 0.93687500 0.01625000 0.01875000
0 0.91250000 0.86312500 0.01000000 0.01875000
0 0.06437500 0.11250000 0.03875000 0.01500000
0 0.97062500 0.68187500 0.03625000 0.05375000
0 0.60625000 0.27312500 0.06000000 0.04375000
0 0.95750000 0.97625000 0.01750000 0.02000000
0 0.83250000 0.82625000 0.01750000 0.02000000
0 0.84375000 0.82000000 0.02000000 0.02000000
0 0.88500000 0.87250000 0.01750000 0.01750000
0 0.47687500 0.33437500 0.02125000 0.01875000
0 0.74750000 0.65500000 0.01000000 0.01750000
0 0.77250000 0.67687500 0.01250000 0.01625000
