0 0.64500000 0.62062500 0.06250000 0.10125000
0 0.07437500 0.26375000 0.14875000 0.17500000
0 0.30312500 0.72375000 0.14625000 0.15000000
0 0.23500000 0.40812500 0.07750000 0.08125000
0 0.33687500 0.50125000 0.08375000 0.08000000
0 0.13375000 0.60625000 0.04750000 0.04750000
0 0.97000000 0.83312500 0.06000000 0.08375000
0 0.55437500 0.48062500 0.08875000 0.09125000
0 0.02937500 0.53500000 0.05625000 0.05750000
0 0.70062500 0.53312500 0.04125000 0.05875000
0 0.46812500 0.88625000 0.10875000 0.11000000
0 0.74937500 0.80437500 0.04875000 0.07625000
