0 0.49312500 0.60312500 0.01625000 0.02375000
0 0.53375000 0.66687500 0.01500000 0.01875000
0 0.51187500 0.60625000 0.01375000 0.02250000
0 0.56812500 0.64937500 0.01375000 0.02625000
0 0.31312500 0.17250000 0.01375000 0.02500000
0 0.63000000 0.63937500 0.01000000 0.01875000
0 0.65875000 0.76625000 0.01250000 0.02000000
0 0.83812500 0.96062500 0.02875000 0.02625000
0 0.62375000 0.70250000 0.01000000 0.02000000
0 0.23125000 0.11687500 0.01500000 0.02375000
0 0.28250000 0.15500000 0.01500000 0.02500000
0 0.53187500 0.59875000 0.01625000 0.02250000
0 0.35812500 0.21000000 0.01375000 0.02750000
0 0.62750000 0.62062500 0.00750000 0.01375000
0 0.18000000 0.08062500 0.01500000 0.02375000
0 0.35312500 0.21375000 0.01375000 0.02500000
0 0.60312500 0.65375000 0.01125000 0.02000000
0 0.33437500 0.25062500 0.01125000 0.01875000
0 0.38750000 0.24875000 0.01500000 0.02000000
0 0.62125000 0.72625000 0.01250000 0.02250000
0 0.64062500 0.78500000 0.01875000 0.02250000
0 0.60625000 0.72812500 0.01500000 0.02125000
0 0.68375000 0.76375000 0.01500000 0.01750000
0 0.55875000 0.67625000 0.02250000 0.02500000
0 0.39875000 0.32875000 0.01500000 0.02500000
0 0.58187500 0.70062500 0.02125000 0.03125000
0 0.44187500 0.31062500 0.00625000 0.01375000
0 0.11062500 0.02625000 0.01625000 0.01750000
0 0.32562500 0.30000000 0.01625000 0.02250000
0 0.30437500 0.22062500 0.01375000 0.02375000
0 0.44250000 0.42000000 0.01250000 0.02250000
0 0.21437500 0.07000000 0.01625000 0.02500000
0 0.43812500 0.46500000 0.01375000 0.03750000
0 0.56312500 0.51000000 0.01125000 0.01750000
0 0.30000000 0.19125000 0.01000000 0.02000000
0 0.60250000 0.98437500 0.02500000 0.03125000
0 0.36875000 0.34937500 0.01250000 0.01625000
0 0.39812500 0.37812500 0.01875000 0.02125000
0 0.45562500 0.45687500 0.01125000 0.01875000
0 0.53875000 0.51562500 0.01000000 0.01875000
0 0.48625000 0.43312500 0.01500000 0.02875000
0 0.51875000 0.53250000 0.01500000 0.02250000
0 0.28062500 0.23875000 0.01375000 0.02250000
0 0.24000000 0.18437500 0.01250000 0.02375000
0 0.56000000 0.59125000 0.01500000 0.01750000
0 0.59875000 0.61250000 0.01000000 0.02000000
0 0.59750000 0.67437500 0.01500000 0.02125000
0 0.59375000 0.56875000 0.01500000 0.01750000
0 0.59125000 0.61437500 0.01250000 0.01875000
0 0.57750000 0.72625000 0.00750000 0.02000000
0 0.61750000 0.76687500 0.01000000 0.01875000
0 0.69625000 0.77875000 0.01250000 0.01750000
0 0.62937500 0.75875000 0.01375000 0.02000000
0 0.34562500 0.33750000 0.01125000 0.02000000
0 0.68687500 0.78437500 0.01125000 0.01625000
0 0.29687500 0.26625000 0.01875000 0.02000000
0 0.60812500 0.59062500 0.01625000 0.02125000
0 0.81437500 0.93812500 0.01875000 0.01625000
0 0.16562500 0.09625000 0.01375000 0.02250000
0 0.36875000 0.28500000 0.01250000 0.02250000
0 0.54312500 0.63187500 0.01375000 0.02375000
0 0.85750000 0.98687500 0.02250000 0.02125000
0 0.58250000 0.61437500 0.01500000 0.02375000
0 0.63937500 0.74687500 0.01375000 0.02125000
0 0.64187500 0.71500000 0.01125000 0.02000000
0 0.66437500 0.73625000 0.01625000 0.01750000
0 0.66250000 0.71000000 0.01250000 0.01750000
0 0.32562500 0.27500000 0.01375000 0.01750000
0 0.19937500 0.13687500 0.01375000 0.02375000
0 0.42437500 0.37062500 0.01375000 0.02375000
0 0.79125000 0.91562500 0.02750000 0.02625000
0 0.14937500 0.04062500 0.01625000 0.02375000
0 0.36250000 0.29937500 0.01250000 0.01875000
0 0.51000000 0.43375000 0.01250000 0.02750000
0 0.49500000 0.53375000 0.01500000 0.02000000
0 0.46250000 0.48937500 0.01250000 0.02625000
0 0.50125000 0.55625000 0.01750000 0.02500000
0 0.26500000 0.20562500 0.01000000 0.02125000
0 0.44562500 0.36437500 0.00875000 0.02375000
0 0.41562500 0.41062500 0.01125000 0.02125000
0 0.24687500 0.16375000 0.01125000 0.02250000
0 0.48000000 0.48875000 0.00750000 0.02250000
0 0.52875000 0.56125000 0.01250000 0.02500000
0 0.46625000 0.52312500 0.01500000 0.02625000
0 0.50187500 0.58500000 0.01125000 0.01500000
0 0.54250000 0.46062500 0.02250000 0.02625000
0 0.52250000 0.46187500 0.02000000 0.02375000
0 0.51187500 0.46687500 0.01875000 0.02375000
0 0.64375000 0.67437500 0.03000000 0.02125000
0 0.68500000 0.81937500 0.01250000 0.01875000
0 0.57062500 0.54375000 0.03125000 0.02750000
0 0.55562500 0.55062500 0.01875000 0.02375000
