0 0.07250000 0.94125000 0.01500000 0.02000000
0 0.03062500 0.98250000 0.01375000 0.01500000
0 0.12937500 0.96937500 0.01875000 0.02125000
0 0.00812500 0.94562500 0.01375000 0.01625000
0 0.07687500 0.29750000 0.02125000 0.01000000
0 0.03500000 0.90062500 0.01500000 0.02125000
0 0.01187500 0.22812500 0.02375000 0.00875000
0 0.03125000 0.90375000 0.01250000 0.02000000
0 0.03250000 0.92937500 0.01500000 0.02125000
0 0.05375000 0.95687500 0.01250000 0.02375000
0 0.54875000 0.00750000 0.02250000 0.01250000
0 0.16750000 0.30062500 0.03000000 0.00875000
0 0.00375000 0.80062500 0.00750000 0.01125000
0 0.30062500 0.16750000 0.03375000 0.01000000
0 0.01250000 0.82750000 0.02000000 0.02250000
0 0.00812500 0.86500000 0.01375000 0.01500000
0 0.09437500 0.97312500 0.01125000 0.01625000
0 0.68625000 0.05312500 0.01750000 0.00875000
0 0.03562500 0.96000000 0.01625000 0.01500000
0 0.10250000 0.17812500 0.02250000 0.00875000
0 0.10250000 0.86000000 0.02000000 0.02250000
0 0.01187500 0.89687500 0.01125000 0.01875000
0 0.03812500 0.87000000 0.01625000 0.02000000
0 0.10750000 0.92375000 0.01500000 0.01750000
0 0.06937500 0.98687500 0.01375000 0.01625000
0 0.14625000 0.25187500 0.03250000 0.01125000
0 0.40812500 0.13500000 0.02875000 0.00750000
0 0.06875000 0.24187500 0.03000000 0.00875000
0 0.24250000 0.07562500 0.02500000 0.00875000
0 0.07875000 0.89375000 0.02000000 0.02250000
0 0.03187500 0.87375000 0.01875000 0.02500000
