0 0.16625000 0.33250000 0.01250000 0.02250000
0 0.11812500 0.41812500 0.02125000 0.01875000
0 0.01437500 0.48687500 0.01375000 0.01875000
0 0.03187500 0.51500000 0.01125000 0.01750000
0 0.08750000 0.31500000 0.01750000 0.02750000
0 0.02125000 0.35312500 0.01500000 0.01625000
0 0.08687500 0.07187500 0.01875000 0.00875000
0 0.00375000 0.35687500 0.00750000 0.01375000
0 0.01875000 0.20250000 0.01250000 0.02000000
0 0.04812500 0.50625000 0.01625000 0.02250000
0 0.11375000 0.59875000 0.01500000 0.01500000
0 0.15812500 0.77625000 0.01875000 0.01500000
0 0.05375000 0.23312500 0.01000000 0.02125000
0 0.07125000 0.26250000 0.01250000 0.01500000
0 0.04250000 0.38312500 0.01750000 0.02375000
0 0.02312500 0.07000000 0.00875000 0.02250000
0 0.05500000 0.03500000 0.01250000 0.01750000
0 0.01750000 0.60625000 0.02000000 0.02000000
0 0.03375000 0.27437500 0.00750000 0.02375000
0 0.00500000 0.45750000 0.01000000 0.02000000
0 0.00375000 0.32625000 0.00750000 0.02250000
0 0.06312500 0.44875000 0.02125000 0.02250000
0 0.06250000 0.15375000 0.01750000 0.01000000
0 0.07000000 0.35062500 0.01750000 0.02125000
0 0.07625000 0.34312500 0.02250000 0.02375000
0 0.08500000 0.34250000 0.01750000 0.02000000
