0 0.12687500 0.98375000 0.00875000 0.02000000
0 0.09750000 0.88937500 0.00750000 0.02625000
0 0.04000000 0.91062500 0.00750000 0.02125000
0 0.05062500 0.63562500 0.01125000 0.02375000
0 0.02625000 0.74625000 0.01250000 0.03500000
0 0.01625000 0.63500000 0.01000000 0.02250000
0 0.02812500 0.94750000 0.01375000 0.03000000
0 0.07187500 0.51062500 0.01875000 0.03125000
0 0.01500000 0.49500000 0.01500000 0.01750000
0 0.03687500 0.79437500 0.01125000 0.02625000
0 0.03750000 0.66125000 0.01000000 0.02000000
0 0.08875000 0.79125000 0.00750000 0.02250000
0 0.09500000 0.56750000 0.01750000 0.02500000
0 0.02625000 0.69375000 0.01250000 0.02500000
0 0.07562500 0.76125000 0.00875000 0.01750000
0 0.06750000 0.68312500 0.01000000 0.02375000
0 0.11625000 0.93000000 0.00750000 0.01500000
0 0.09500000 0.98062500 0.00750000 0.02125000
0 0.11375000 0.96000000 0.01250000 0.00750000
0 0.11375000 0.61375000 0.01500000 0.02750000
0 0.11875000 0.63625000 0.01500000 0.01750000
0 0.12937500 0.80687500 0.01125000 0.03625000
0 0.01250000 0.52312500 0.01500000 0.02125000
0 0.04687500 0.55812500 0.01125000 0.02125000
0 0.12437500 0.68625000 0.00875000 0.02000000
0 0.05875000 0.60125000 0.01000000 0.02000000
0 0.06000000 0.71562500 0.00750000 0.02625000
0 0.09062500 0.70937500 0.00875000 0.01875000
0 0.05750000 0.48875000 0.01250000 0.01500000
0 0.02937500 0.43000000 0.01625000 0.02250000
0 0.13875000 0.88062500 0.01250000 0.02125000
0 0.05750000 0.90000000 0.01250000 0.02500000
0 0.06937500 0.90250000 0.01375000 0.02750000
