0 0.01250000 0.58125000 0.00750000 0.01750000
0 0.11812500 0.51125000 0.01625000 0.02250000
0 0.86687500 0.43687500 0.01875000 0.01375000
0 0.15187500 0.78875000 0.00875000 0.01750000
0 0.15625000 0.23937500 0.01000000 0.02625000
0 0.93812500 0.08875000 0.07375000 0.02500000
0 0.39687500 0.82750000 0.07625000 0.02000000
0 0.93000000 0.38437500 0.06750000 0.01375000
0 0.80500000 0.65375000 0.07000000 0.01750000
0 0.29312500 0.24125000 0.06375000 0.01500000
0 0.31562500 0.53875000 0.06875000 0.01750000
0 0.77375000 0.95562500 0.07250000 0.01875000
