0 0.57875000 0.42875000 0.03500000 0.01250000
0 0.56437500 0.59375000 0.01375000 0.01000000
0 0.99562500 0.04000000 0.00875000 0.01750000
0 0.72250000 0.50312500 0.01250000 0.01125000
0 0.37000000 0.39875000 0.03250000 0.00750000
0 0.20312500 0.55562500 0.03125000 0.00875000
0 0.44250000 0.41375000 0.02500000 0.00750000
0 0.81375000 0.20312500 0.03000000 0.01625000
0 0.90875000 0.27312500 0.01750000 0.01125000
0 0.70312500 0.54750000 0.02375000 0.01000000
0 0.74000000 0.44000000 0.01750000 0.00750000
0 0.11375000 0.74375000 0.01750000 0.02500000
0 0.21562500 0.82000000 0.01625000 0.02500000
0 0.30000000 0.94125000 0.01000000 0.02000000
0 0.23125000 0.86750000 0.01500000 0.02500000
0 0.31312500 0.92250000 0.01375000 0.02500000
0 0.47687500 0.33187500 0.01875000 0.01625000
0 0.44937500 0.36000000 0.03125000 0.00750000
0 0.37250000 0.32875000 0.03250000 0.00750000
0 0.30375000 0.97125000 0.01250000 0.02250000
0 0.19937500 0.88625000 0.01375000 0.02500000
0 0.28062500 0.98875000 0.01375000 0.02000000
0 0.53562500 0.35375000 0.03375000 0.01000000
0 0.30687500 0.37500000 0.02875000 0.01000000
0 0.30312500 0.46750000 0.02625000 0.01500000
0 0.54062500 0.27562500 0.03875000 0.01125000
0 0.30062500 0.50687500 0.02625000 0.00875000
0 0.77812500 0.24437500 0.02875000 0.01125000
0 0.77437500 0.42500000 0.01625000 0.00750000
0 0.11125000 0.77625000 0.01500000 0.01750000
0 0.66062500 0.48687500 0.03375000 0.01375000
0 0.14937500 0.79125000 0.01625000 0.02500000
0 0.24937500 0.50312500 0.02375000 0.00875000
0 0.66000000 0.34500000 0.03500000 0.01500000
0 0.43875000 0.49250000 0.02500000 0.00750000
0 0.69125000 0.39687500 0.02250000 0.01875000
0 0.50250000 0.55625000 0.01250000 0.00750000
0 0.16500000 0.84625000 0.01500000 0.02250000
0 0.39937500 0.28687500 0.02875000 0.00875000
0 0.18062500 0.83000000 0.01625000 0.02250000
0 0.24687500 0.91437500 0.01125000 0.02375000
0 0.35875000 0.95937500 0.01500000 0.02625000
0 0.28375000 0.90500000 0.01250000 0.02500000
0 0.26125000 0.32125000 0.03500000 0.00750000
0 0.23875000 0.93500000 0.01250000 0.02250000
0 0.35250000 0.96375000 0.01500000 0.02500000
0 0.26562500 0.95562500 0.01125000 0.02125000
0 0.38562500 0.99437500 0.01125000 0.01125000
0 0.53937500 0.18937500 0.04125000 0.01125000
0 0.48875000 0.48562500 0.03000000 0.01875000
0 0.19500000 0.50562500 0.02750000 0.00875000
