0 0.87687500 0.98375000 0.00875000 0.02000000
0 0.84750000 0.88937500 0.00750000 0.02625000
0 0.79000000 0.91062500 0.00750000 0.02125000
0 0.80062500 0.63562500 0.01125000 0.02375000
0 0.77625000 0.74625000 0.01250000 0.03500000
0 0.76625000 0.63500000 0.01000000 0.02250000
0 0.74875000 0.80000000 0.00750000 0.02000000
0 0.77812500 0.94750000 0.01375000 0.03000000
0 0.51687500 0.34187500 0.01625000 0.01625000
0 0.82187500 0.51062500 0.01875000 0.03125000
0 0.66437500 0.26312500 0.03375000 0.05625000
0 0.69687500 0.32375000 0.03875000 0.05500000
0 0.59125000 0.39062500 0.01500000 0.02375000
0 0.64375000 0.56500000 0.01250000 0.01750000
0 0.58437500 0.43500000 0.01625000 0.02000000
0 0.53437500 0.31875000 0.00875000 0.01500000
0 0.54250000 0.34687500 0.01000000 0.01875000
0 0.59812500 0.47187500 0.01125000 0.01875000
0 0.72812500 0.50312500 0.00875000 0.02125000
0 0.59000000 0.48500000 0.01000000 0.01750000
0 0.76500000 0.49500000 0.01500000 0.01750000
0 0.78687500 0.79437500 0.01125000 0.02625000
0 0.78750000 0.66125000 0.01000000 0.02000000
0 0.83875000 0.79125000 0.00750000 0.02250000
0 0.73875000 0.98750000 0.01000000 0.02500000
0 0.74500000 0.98875000 0.01000000 0.02250000
0 0.84500000 0.56750000 0.01750000 0.02500000
0 0.77625000 0.69375000 0.01250000 0.02500000
0 0.82562500 0.76125000 0.00875000 0.01750000
0 0.81750000 0.68312500 0.01000000 0.02375000
0 0.86625000 0.93000000 0.00750000 0.01500000
0 0.84500000 0.98062500 0.00750000 0.02125000
0 0.86375000 0.96000000 0.01250000 0.00750000
0 0.86375000 0.61375000 0.01500000 0.02750000
0 0.86875000 0.63625000 0.01500000 0.01750000
0 0.52750000 0.04000000 0.02750000 0.04250000
0 0.57875000 0.34812500 0.01250000 0.02125000
0 0.56687500 0.09625000 0.03375000 0.05250000
0 0.55750000 0.37437500 0.01000000 0.01875000
0 0.87937500 0.80687500 0.01125000 0.03625000
0 0.64562500 0.67937500 0.02125000 0.03125000
0 0.61000000 0.52187500 0.01000000 0.01625000
0 0.76250000 0.52312500 0.01500000 0.02125000
0 0.62562500 0.50625000 0.01125000 0.02250000
0 0.79687500 0.55812500 0.01125000 0.02125000
0 0.60625000 0.16187500 0.02750000 0.03375000
0 0.63312500 0.20187500 0.03375000 0.04625000
0 0.60812500 0.37500000 0.01375000 0.02500000
0 0.87437500 0.68625000 0.00875000 0.02000000
0 0.62625000 0.54250000 0.01250000 0.01750000
0 0.74437500 0.56250000 0.01375000 0.02000000
0 0.62500000 0.56875000 0.01250000 0.02000000
0 0.74000000 0.53875000 0.01500000 0.01750000
0 0.74500000 0.59750000 0.01500000 0.02250000
0 0.81062500 0.71562500 0.00875000 0.02375000
0 0.84125000 0.70937500 0.00750000 0.01625000
0 0.80875000 0.60187500 0.01000000 0.02125000
0 0.62312500 0.42312500 0.01625000 0.02375000
0 0.61625000 0.42687500 0.01500000 0.02375000
0 0.60812500 0.42875000 0.01875000 0.02500000
0 0.80750000 0.90062500 0.01500000 0.02625000
0 0.82187500 0.90250000 0.01625000 0.02500000
