0 0.95437500 0.85125000 0.09125000 0.10750000
0 0.20125000 0.40812500 0.07250000 0.06875000
0 0.97000000 0.92187500 0.02000000 0.02125000
0 0.59625000 0.84000000 0.10000000 0.10000000
0 0.59875000 0.66562500 0.03250000 0.04625000
0 0.54875000 0.65562500 0.01500000 0.00625000
0 0.75625000 0.73937500 0.03750000 0.05375000
0 0.80000000 0.70562500 0.03250000 0.03375000
0 0.07125000 0.56125000 0.09250000 0.10750000
0 0.63937500 0.57687500 0.06375000 0.10125000
0 0.65562500 0.47062500 0.03625000 0.03375000
0 0.43500000 0.88187500 0.10750000 0.10125000
