0 0.67812500 0.75562500 0.01375000 0.01625000
0 0.73125000 0.84375000 0.01000000 0.02000000
0 0.71875000 0.75812500 0.02000000 0.01875000
0 0.85312500 0.86062500 0.01875000 0.02375000
0 0.99062500 0.07562500 0.01875000 0.00875000
0 0.59062500 0.69312500 0.00875000 0.00875000
0 0.32812500 0.34437500 0.00875000 0.01875000
0 0.70125000 0.71625000 0.01750000 0.02000000
0 0.69750000 0.78375000 0.01750000 0.02250000
0 0.78875000 0.87062500 0.01750000 0.02125000
0 0.54687500 0.78687500 0.01375000 0.01625000
0 0.78312500 0.87437500 0.01875000 0.02375000
0 0.73625000 0.90625000 0.01250000 0.01750000
0 0.82250000 0.94125000 0.01500000 0.02000000
0 0.76187500 0.89625000 0.01125000 0.01750000
0 0.80375000 0.95687500 0.01250000 0.02375000
0 0.81937500 0.24187500 0.03125000 0.00875000
0 0.75750000 0.22750000 0.03000000 0.00750000
0 0.78500000 0.96000000 0.01500000 0.01500000
0 0.78500000 0.90000000 0.01500000 0.02000000
0 0.78125000 0.98312500 0.01500000 0.01625000
0 0.89625000 0.25125000 0.03000000 0.01000000
0 0.82687500 0.29750000 0.02125000 0.01000000
0 0.47375000 0.61500000 0.01250000 0.01250000
0 0.65812500 0.24312500 0.02125000 0.00875000
0 0.45062500 0.62625000 0.00875000 0.01000000
0 0.67687500 0.71125000 0.01375000 0.01500000
0 0.75062500 0.79687500 0.01625000 0.01875000
0 0.75812500 0.86500000 0.01375000 0.01500000
0 0.72312500 0.81312500 0.01625000 0.01875000
0 0.82937500 0.89312500 0.01875000 0.02125000
0 0.61062500 0.63750000 0.01125000 0.01750000
0 0.67937500 0.73437500 0.01375000 0.01375000
0 0.64937500 0.65437500 0.01625000 0.01875000
0 0.64500000 0.72937500 0.02000000 0.02125000
0 0.76312500 0.82750000 0.02125000 0.02250000
0 0.73187500 0.87500000 0.01375000 0.01500000
0 0.70312500 0.23812500 0.02375000 0.00625000
0 0.69625000 0.90687500 0.01250000 0.01625000
0 0.78125000 0.90375000 0.01500000 0.02000000
0 0.87937500 0.96937500 0.01875000 0.02125000
0 0.85812500 0.92375000 0.01625000 0.01750000
0 0.85312500 0.17687500 0.02125000 0.00875000
0 0.91750000 0.30062500 0.02750000 0.00875000
0 0.78312500 0.93000000 0.01625000 0.02250000
0 0.84500000 0.97312500 0.01250000 0.01625000
0 0.75812500 0.94625000 0.01375000 0.01750000
0 0.81875000 0.98750000 0.01500000 0.01750000
0 0.57312500 0.07875000 0.01625000 0.01500000
0 0.57937500 0.67187500 0.01875000 0.02125000
0 0.63687500 0.68625000 0.01875000 0.02000000
