0 0.30125000 0.40187500 0.07250000 0.02125000
0 0.90000000 0.16812500 0.01250000 0.02375000
0 0.81937500 0.47187500 0.03375000 0.00875000
0 0.47375000 0.05062500 0.07500000 0.02125000
0 0.96187500 0.42375000 0.07625000 0.02500000
0 0.05687500 0.53875000 0.00625000 0.02250000
0 0.78125000 0.19875000 0.07250000 0.02250000
0 0.53937500 0.37937500 0.06625000 0.02125000
0 0.89187500 0.70562500 0.07125000 0.02625000
0 0.24125000 0.25500000 0.01750000 0.02250000
0 0.11062500 0.93750000 0.06375000 0.01500000
0 0.58500000 0.63062500 0.07000000 0.02125000
0 0.02937500 0.20500000 0.05875000 0.01750000
