0 0.53625000 0.67937500 0.02000000 0.00875000
0 0.71125000 0.51625000 0.02250000 0.01500000
0 0.60875000 0.66500000 0.02750000 0.01500000
0 0.78875000 0.50125000 0.02000000 0.01250000
0 0.56375000 0.47875000 0.02500000 0.01500000
0 0.50937500 0.59000000 0.02375000 0.01000000
0 0.59937500 0.50125000 0.02375000 0.01500000
0 0.69937500 0.42937500 0.02125000 0.01375000
0 0.60750000 0.67187500 0.01750000 0.01375000
0 0.87000000 0.37812500 0.01750000 0.00875000
0 0.67375000 0.66937500 0.02250000 0.00875000
0 0.87000000 0.38375000 0.01250000 0.00750000
0 0.82750000 0.52750000 0.00750000 0.01000000
0 0.87500000 0.63062500 0.02500000 0.01625000
0 0.65687500 0.56437500 0.01875000 0.00875000
0 0.86875000 0.66625000 0.02500000 0.02250000
0 0.96812500 0.55187500 0.02875000 0.01375000
0 0.45750000 0.53875000 0.02750000 0.01250000
0 0.92187500 0.69875000 0.01125000 0.00750000
0 0.45375000 0.96500000 0.02000000 0.01750000
0 0.31250000 0.52375000 0.01750000 0.01000000
0 0.58375000 0.73125000 0.02750000 0.01000000
0 0.67812500 0.60562500 0.01375000 0.00625000
0 0.77062500 0.76125000 0.01125000 0.00750000
0 0.92062500 0.70937500 0.01375000 0.00875000
0 0.49812500 0.99437500 0.01625000 0.01125000
0 0.97375000 0.73062500 0.01250000 0.01125000
0 0.33562500 0.65500000 0.01125000 0.00500000
0 0.64500000 0.49000000 0.02500000 0.01500000
0 0.71000000 0.23062500 0.01250000 0.01125000
0 0.56812500 0.54000000 0.02125000 0.01250000
0 0.76187500 0.44812500 0.02625000 0.01375000
0 0.67250000 0.67437500 0.01500000 0.00625000
0 0.93000000 0.39937500 0.02500000 0.01125000
0 0.64625000 0.53250000 0.01250000 0.01000000
0 0.92625000 0.40687500 0.01500000 0.00875000
0 0.53437500 0.55812500 0.01625000 0.01375000
0 0.47625000 0.71000000 0.03000000 0.01500000
0 0.58187500 0.55812500 0.02375000 0.01125000
0 0.47562500 0.71875000 0.02125000 0.01250000
0 0.65187500 0.53562500 0.01125000 0.01375000
0 0.88312500 0.45875000 0.02375000 0.01500000
0 0.35312500 0.33187500 0.01625000 0.01625000
0 0.87937500 0.52437500 0.01875000 0.00875000
0 0.69937500 0.62437500 0.01375000 0.00625000
0 0.86000000 0.75937500 0.02750000 0.01875000
0 0.77250000 0.58312500 0.03500000 0.01875000
0 0.40250000 0.55437500 0.02500000 0.01375000
0 0.16750000 0.72625000 0.01500000 0.02000000
0 0.45375000 0.59000000 0.02250000 0.01250000
0 0.38000000 0.89250000 0.02500000 0.01750000
0 0.33125000 0.62750000 0.01750000 0.01000000
0 0.76125000 0.63250000 0.02500000 0.01500000
0 0.80500000 0.83125000 0.02500000 0.02500000
0 0.78812500 0.67187500 0.02875000 0.01375000
0 0.97187500 0.43250000 0.01625000 0.01000000
0 0.40937500 0.92500000 0.02125000 0.02000000
0 0.49375000 0.64562500 0.02750000 0.01375000
0 0.46375000 0.94187500 0.01750000 0.01625000
0 0.68812500 0.05375000 0.06875000 0.03000000
0 0.53125000 0.61062500 0.02750000 0.01375000
0 0.58812500 0.59500000 0.02625000 0.01500000
