0 0.76500000 0.01250000 0.01500000 0.01500000
0 0.78062500 0.01312500 0.02125000 0.02625000
0 0.96937500 0.19437500 0.01625000 0.01875000
0 0.79187500 0.19875000 0.02375000 0.03000000
0 0.98625000 0.59375000 0.01000000 0.02000000
0 0.81437500 0.08250000 0.01875000 0.02000000
0 0.84687500 0.15125000 0.01375000 0.02500000
0 0.84437500 0.08687500 0.01875000 0.02125000
0 0.86500000 0.13937500 0.01250000 0.01875000
0 0.96625000 0.16125000 0.01500000 0.02000000
0 0.88937500 0.14812500 0.01625000 0.02625000
0 0.89375000 0.20312500 0.01750000 0.02375000
0 0.82437500 0.04062500 0.01625000 0.02375000
0 0.88000000 0.01687500 0.01250000 0.01625000
0 0.78500000 0.27875000 0.03500000 0.05500000
0 0.99125000 0.61125000 0.01750000 0.01000000
0 0.86562500 0.40000000 0.03375000 0.05250000
0 0.90687500 0.11937500 0.01625000 0.01875000
0 0.85875000 0.07562500 0.01750000 0.01875000
0 0.92375000 0.11000000 0.01750000 0.01750000
0 0.95125000 0.20812500 0.01750000 0.01625000
0 0.94250000 0.21187500 0.02500000 0.02625000
0 0.84875000 0.01625000 0.01750000 0.02250000
0 0.83812500 0.02312500 0.01625000 0.01625000
0 0.94875000 0.57062500 0.01000000 0.01875000
0 0.97187500 0.53812500 0.01375000 0.01375000
0 0.90187500 0.13875000 0.01375000 0.01750000
0 0.91500000 0.19000000 0.01500000 0.02250000
0 0.92625000 0.14312500 0.01250000 0.01875000
0 0.81187500 0.01062500 0.01625000 0.02125000
0 0.88062500 0.03750000 0.01375000 0.02000000
0 0.87000000 0.05500000 0.01500000 0.02000000
0 0.88437500 0.46062500 0.02375000 0.03625000
0 0.89750000 0.46375000 0.01500000 0.01750000
0 0.86375000 0.10562500 0.01500000 0.01875000
0 0.87562500 0.16000000 0.01375000 0.02500000
0 0.83000000 0.12437500 0.01500000 0.02375000
0 0.93562500 0.13375000 0.01125000 0.01500000
0 0.93750000 0.18062500 0.01750000 0.02375000
0 0.91562500 0.16375000 0.01625000 0.01750000
0 0.95437500 0.17437500 0.01375000 0.01875000
0 0.65187500 0.05437500 0.01625000 0.01625000
0 0.84500000 0.05937500 0.01750000 0.02125000
0 0.82625000 0.05937500 0.02000000 0.02125000
0 0.93562500 0.55500000 0.01375000 0.02750000
0 0.84312500 0.11375000 0.02375000 0.02750000
0 0.90375000 0.07625000 0.02250000 0.02000000
0 0.93125000 0.21750000 0.01500000 0.02000000
0 0.73125000 0.00312500 0.02250000 0.00625000
0 0.89562500 0.17625000 0.01625000 0.02250000
0 0.94812500 0.15000000 0.01875000 0.01750000
0 0.88187500 0.12062500 0.01875000 0.02375000
0 0.87500000 0.12500000 0.01500000 0.01750000
0 0.80187500 0.03187500 0.01875000 0.02125000
0 0.79625000 0.03750000 0.01750000 0.02000000
