0 0.16375000 0.74125000 0.01750000 0.01250000
0 0.07000000 0.58437500 0.03250000 0.03375000
0 0.01000000 0.80000000 0.02000000 0.01750000
0 0.30312500 0.83687500 0.01625000 0.01625000
0 0.12187500 0.74937500 0.02125000 0.02125000
0 0.23437500 0.81250000 0.01625000 0.01750000
0 0.19125000 0.78062500 0.01750000 0.02125000
0 0.13937500 0.94000000 0.03375000 0.02500000
0 0.25812500 0.80250000 0.01375000 0.01500000
0 0.10750000 0.62562500 0.03000000 0.02625000
0 0.27687500 0.86000000 0.02125000 0.02250000
0 0.13125000 0.64375000 0.02000000 0.02000000
0 0.03875000 0.85187500 0.02000000 0.01125000
0 0.34187500 0.88562500 0.02125000 0.02125000
0 0.27562500 0.81812500 0.02125000 0.02125000
0 0.37750000 0.90687500 0.02000000 0.01875000
0 0.14312500 0.73250000 0.01125000 0.01250000
0 0.21437500 0.76125000 0.01125000 0.01250000
0 0.41062500 0.92125000 0.01625000 0.01750000
0 0.46625000 0.98250000 0.01750000 0.02000000
0 0.04187500 0.55250000 0.02625000 0.02750000
0 0.15562500 0.76625000 0.02125000 0.02500000
0 0.16250000 0.76000000 0.02250000 0.02250000
0 0.15375000 0.77875000 0.01500000 0.01500000
0 0.19125000 0.80937500 0.01750000 0.01375000
