0 0.72125000 0.75562500 0.05750000 0.02875000
0 0.40625000 0.83812500 0.03750000 0.00875000
0 0.78937500 0.78375000 0.06375000 0.03500000
0 0.42000000 0.81625000 0.01250000 0.00750000
0 0.85312500 0.80500000 0.06125000 0.03500000
0 0.34125000 0.72750000 0.04000000 0.01750000
0 0.39250000 0.72437500 0.04250000 0.01625000
0 0.92437500 0.84312500 0.05375000 0.03875000
0 0.45062500 0.71687500 0.04375000 0.01375000
0 0.97937500 0.87812500 0.04125000 0.03875000
0 0.75000000 0.91125000 0.02500000 0.01500000
0 0.58750000 0.72625000 0.03750000 0.01500000
0 0.65375000 0.74062500 0.06000000 0.02625000
0 0.01437500 0.87062500 0.02875000 0.02625000
0 0.14375000 0.79250000 0.03000000 0.01750000
0 0.20812500 0.76312500 0.04375000 0.02625000
0 0.53312500 0.72125000 0.03375000 0.01250000
