0 0.80062500 0.74625000 0.02625000 0.02250000
0 0.75812500 0.92187500 0.01875000 0.01625000
0 0.70562500 0.23500000 0.00875000 0.02250000
0 0.72687500 0.08625000 0.01125000 0.02250000
0 0.77875000 0.21937500 0.01500000 0.02875000
0 0.76875000 0.42312500 0.01250000 0.01875000
0 0.85062500 0.28125000 0.02375000 0.00750000
0 0.74687500 0.65500000 0.01625000 0.02250000
0 0.99000000 0.91250000 0.02000000 0.02250000
0 0.82312500 0.05562500 0.01375000 0.02125000
0 0.79437500 0.27875000 0.01375000 0.02500000
0 0.75937500 0.14437500 0.01375000 0.02125000
0 0.72500000 0.14750000 0.01750000 0.02750000
0 0.75125000 0.28312500 0.02000000 0.03125000
0 0.73875000 0.28125000 0.01500000 0.02750000
0 0.72125000 0.33625000 0.01250000 0.02500000
0 0.77375000 0.68812500 0.02000000 0.02125000
0 0.77375000 0.33062500 0.01500000 0.02125000
0 0.82062500 0.07500000 0.01375000 0.01500000
0 0.83937500 0.13875000 0.01125000 0.01250000
0 0.76937500 0.35437500 0.01375000 0.02125000
0 0.85125000 0.70562500 0.01750000 0.01875000
0 0.78875000 0.37687500 0.01500000 0.01875000
0 0.80312500 0.66500000 0.01375000 0.01750000
0 0.75125000 0.06500000 0.01250000 0.02500000
0 0.70125000 0.19000000 0.01000000 0.02500000
0 0.72625000 0.22062500 0.01000000 0.02625000
0 0.74062500 0.01125000 0.02125000 0.02250000
0 0.66500000 0.43437500 0.01250000 0.02625000
0 0.73375000 0.00750000 0.01500000 0.01500000
0 0.80437500 0.70000000 0.01375000 0.01750000
0 0.81875000 0.02000000 0.01250000 0.02500000
0 0.95437500 0.74625000 0.01375000 0.01250000
0 0.80937500 0.01937500 0.01375000 0.02625000
0 0.70312500 0.39687500 0.01125000 0.02625000
0 0.73187500 0.41875000 0.01125000 0.02250000
0 0.18437500 0.95687500 0.03375000 0.01125000
0 0.02000000 0.94812500 0.01500000 0.00875000
0 0.09312500 0.95000000 0.01125000 0.00750000
0 0.58937500 0.77812500 0.02375000 0.03125000
