0 0.72125000 0.01000000 0.05750000 0.02000000
0 0.40625000 0.08812500 0.03750000 0.00875000
0 0.78937500 0.03375000 0.06375000 0.03500000
0 0.42000000 0.06625000 0.01250000 0.00750000
0 0.85312500 0.05500000 0.06125000 0.03500000
0 0.92437500 0.09312500 0.05375000 0.03875000
0 0.97937500 0.12812500 0.04125000 0.03875000
0 0.86687500 0.24937500 0.01875000 0.01625000
0 0.75000000 0.16125000 0.02500000 0.01500000
0 0.01437500 0.12062500 0.02875000 0.02625000
0 0.14375000 0.04250000 0.03000000 0.01750000
0 0.20750000 0.01375000 0.04250000 0.02750000
