0 0.81437500 0.00125000 0.00625000 0.00250000
0 0.86250000 0.02000000 0.00750000 0.01500000
0 0.71687500 0.10250000 0.00875000 0.02000000
0 0.80062500 0.93375000 0.02625000 0.02250000
0 0.70562500 0.42250000 0.00875000 0.02250000
0 0.72687500 0.27375000 0.01125000 0.02250000
0 0.77875000 0.40687500 0.01500000 0.02875000
0 0.76875000 0.61062500 0.01250000 0.01875000
0 0.85062500 0.46875000 0.02375000 0.00750000
0 0.74687500 0.84250000 0.01625000 0.02250000
0 0.82687500 0.01250000 0.00875000 0.02250000
0 0.72687500 0.12625000 0.01125000 0.01500000
0 0.73312500 0.02125000 0.01375000 0.02250000
0 0.79437500 0.10750000 0.01125000 0.02000000
0 0.82312500 0.24312500 0.01375000 0.02125000
0 0.79437500 0.46625000 0.01375000 0.02500000
0 0.75937500 0.33187500 0.01375000 0.02125000
0 0.72500000 0.33500000 0.01750000 0.02750000
0 0.75125000 0.47062500 0.02000000 0.03125000
0 0.73875000 0.46875000 0.01500000 0.02750000
0 0.72125000 0.52375000 0.01250000 0.02500000
0 0.77375000 0.87562500 0.02000000 0.02125000
0 0.77375000 0.51812500 0.01500000 0.02125000
0 0.72187500 0.05000000 0.01375000 0.02750000
0 0.77625000 0.13125000 0.01000000 0.02250000
0 0.82062500 0.26250000 0.01375000 0.01500000
0 0.83937500 0.32625000 0.01125000 0.01250000
0 0.76937500 0.54187500 0.01375000 0.02125000
0 0.85125000 0.89312500 0.01750000 0.01875000
0 0.78875000 0.56437500 0.01500000 0.01875000
0 0.80312500 0.85250000 0.01375000 0.01750000
0 0.82812500 0.07437500 0.01375000 0.02125000
0 0.78625000 0.16187500 0.00750000 0.02125000
0 0.81125000 0.01625000 0.01000000 0.02000000
0 0.75125000 0.25250000 0.01250000 0.02500000
0 0.70125000 0.37750000 0.01000000 0.02500000
0 0.72625000 0.40812500 0.01000000 0.02625000
0 0.74062500 0.19625000 0.02125000 0.02750000
0 0.66500000 0.62187500 0.01250000 0.02625000
0 0.73500000 0.19125000 0.01750000 0.02250000
0 0.80437500 0.88750000 0.01375000 0.01750000
0 0.81875000 0.20750000 0.01250000 0.02500000
0 0.95437500 0.93375000 0.01375000 0.01250000
0 0.80937500 0.20687500 0.01375000 0.02625000
0 0.70250000 0.58500000 0.01250000 0.02750000
0 0.73187500 0.60687500 0.01375000 0.02375000
0 0.58812500 0.96875000 0.02875000 0.03750000
