0 0.65687500 0.72625000 0.02625000 0.03250000
0 0.08250000 0.93625000 0.04250000 0.01000000
0 0.11187500 0.69125000 0.02875000 0.01500000
0 0.17687500 0.96250000 0.03375000 0.00750000
0 0.04875000 0.80812500 0.03750000 0.01125000
0 0.02562500 0.95875000 0.03875000 0.00750000
0 0.01875000 0.88375000 0.03750000 0.01250000
0 0.07625000 0.99000000 0.03500000 0.01250000
0 0.49000000 0.06250000 0.07000000 0.02750000
0 0.64250000 0.20812500 0.07500000 0.02875000
0 0.67187500 0.71812500 0.01875000 0.02875000
