0 0.09562500 0.75625000 0.02875000 0.01000000
0 0.17937500 0.43250000 0.02625000 0.01500000
0 0.37500000 0.64062500 0.02000000 0.01125000
0 0.00687500 0.84187500 0.01375000 0.01125000
0 0.00875000 0.91500000 0.01750000 0.01250000
0 0.36562500 0.00250000 0.03125000 0.00500000
0 0.21187500 0.45187500 0.01375000 0.01625000
0 0.09937500 0.56375000 0.02125000 0.02250000
0 0.00875000 0.68625000 0.01750000 0.01000000
0 0.24000000 0.59750000 0.03500000 0.01250000
0 0.23250000 0.63625000 0.02750000 0.01250000
0 0.01437500 0.72750000 0.02875000 0.01250000
0 0.02625000 0.79625000 0.02500000 0.01250000
0 0.02312500 0.95000000 0.01875000 0.01000000
0 0.00875000 0.96000000 0.01750000 0.01000000
0 0.15625000 0.11312500 0.06000000 0.03125000
0 0.16562500 0.12187500 0.02375000 0.02125000
0 0.00625000 0.97750000 0.01250000 0.01000000
0 0.11312500 0.65812500 0.02875000 0.01125000
0 0.16937500 0.65125000 0.02875000 0.01000000
