0 0.74125000 0.02937500 0.02000000 0.01375000
0 0.75812500 0.05000000 0.02375000 0.01750000
0 0.87500000 0.00500000 0.01500000 0.01000000
0 0.98437500 0.06250000 0.01625000 0.01750000
0 0.70062500 0.00500000 0.01625000 0.01000000
0 0.94125000 0.03062500 0.01750000 0.02125000
0 0.88937500 0.19000000 0.03375000 0.02500000
0 0.78875000 0.10187500 0.02000000 0.01125000
0 0.71250000 0.02062500 0.01750000 0.01125000
0 0.96437500 0.01125000 0.01125000 0.01250000
0 0.72062500 0.00562500 0.02125000 0.01125000
0 0.90562500 0.01562500 0.02125000 0.02375000
0 0.91187500 0.01125000 0.02125000 0.02250000
0 0.90437500 0.02750000 0.01625000 0.01750000
