0 0.54375000 0.75250000 0.02750000 0.03500000
0 0.59000000 0.66250000 0.02250000 0.03250000
0 0.60000000 0.65875000 0.02500000 0.02750000
0 0.98750000 0.57312500 0.01750000 0.01125000
0 0.37250000 0.28625000 0.03000000 0.01250000
0 0.62437500 0.15687500 0.03125000 0.02375000
0 0.65500000 0.71125000 0.02250000 0.02000000
0 0.78500000 0.85937500 0.01250000 0.01875000
0 0.73437500 0.80625000 0.01875000 0.01000000
0 0.88375000 0.53687500 0.02000000 0.01875000
0 0.89687500 0.26187500 0.02375000 0.01875000
0 0.93937500 0.32687500 0.02875000 0.01375000
0 0.99625000 0.26312500 0.00750000 0.00875000
