0 0.52125000 0.16812500 0.02750000 0.02625000
0 0.70125000 0.75062500 0.02000000 0.01875000
0 0.59125000 0.18375000 0.01000000 0.02500000
0 0.41812500 0.08875000 0.00875000 0.03000000
0 0.50062500 0.20062500 0.01625000 0.02625000
0 0.71250000 0.77062500 0.01750000 0.01125000
0 0.58062500 0.18437500 0.01125000 0.02125000
0 0.45812500 0.12687500 0.01125000 0.02875000
0 0.72437500 0.44250000 0.01125000 0.02000000
0 0.51687500 0.07500000 0.01625000 0.02000000
0 0.91375000 0.74000000 0.01750000 0.01250000
0 0.44687500 0.15937500 0.01375000 0.01875000
0 0.43000000 0.11750000 0.00750000 0.02500000
0 0.54125000 0.07687500 0.01250000 0.01875000
0 0.96437500 0.76187500 0.01125000 0.01125000
0 0.57062500 0.16125000 0.01625000 0.02750000
0 0.74125000 0.77937500 0.02000000 0.01625000
0 0.53125000 0.21437500 0.01250000 0.01875000
0 0.56125000 0.18500000 0.01750000 0.02250000
0 0.75937500 0.80062500 0.02375000 0.01625000
0 0.54500000 0.23812500 0.01750000 0.01875000
0 0.59437500 0.25250000 0.01125000 0.02000000
0 0.56500000 0.32750000 0.01750000 0.02000000
0 0.57500000 0.25250000 0.01500000 0.03000000
0 0.58875000 0.31125000 0.02000000 0.02000000
0 0.59437500 0.34375000 0.01625000 0.02000000
0 0.44250000 0.02062500 0.00750000 0.01875000
0 0.60875000 0.37250000 0.01000000 0.02250000
0 0.69125000 0.38937500 0.01000000 0.01875000
0 0.40625000 0.02687500 0.01250000 0.02625000
0 0.62750000 0.32000000 0.01250000 0.01750000
0 0.56062500 0.27062500 0.01125000 0.01625000
0 0.61187500 0.31250000 0.01125000 0.02250000
0 0.63312500 0.38000000 0.01625000 0.02500000
0 0.67062500 0.39750000 0.01125000 0.01750000
0 0.67000000 0.35250000 0.01000000 0.01750000
0 0.63375000 0.40312500 0.02000000 0.02625000
0 0.46500000 0.18062500 0.01500000 0.02375000
0 0.79125000 0.55125000 0.02500000 0.02750000
0 0.38687500 0.05937500 0.00875000 0.02125000
0 0.94062500 0.78062500 0.01875000 0.02125000
0 0.49125000 0.17875000 0.01250000 0.01750000
0 0.81937500 0.58437500 0.03375000 0.03375000
0 0.54750000 0.10062500 0.01000000 0.02375000
0 0.98375000 0.81250000 0.01750000 0.01750000
0 0.52750000 0.19000000 0.01250000 0.02000000
0 0.78875000 0.85187500 0.02000000 0.01125000
0 0.54625000 0.25687500 0.01250000 0.01625000
0 0.51562500 0.22687500 0.01125000 0.02125000
0 0.88625000 0.93937500 0.03750000 0.02375000
0 0.56125000 0.22062500 0.01750000 0.02375000
0 0.45375000 0.06250000 0.01750000 0.02750000
0 0.85687500 0.62625000 0.02875000 0.02500000
0 0.56312500 0.12250000 0.01125000 0.02000000
0 0.42187500 0.06125000 0.01875000 0.02750000
0 0.46062500 0.09750000 0.01375000 0.02500000
0 0.88125000 0.64437500 0.02250000 0.01875000
0 0.55437500 0.14125000 0.00875000 0.01500000
0 0.71937500 0.75125000 0.02375000 0.01750000
0 0.52687500 0.24937500 0.01125000 0.01875000
0 0.63250000 0.71625000 0.01750000 0.02500000
0 0.59812500 0.22500000 0.01375000 0.02000000
0 0.35875000 0.11000000 0.01250000 0.01750000
0 0.62187500 0.68937500 0.01375000 0.01875000
0 0.62125000 0.24625000 0.01000000 0.02500000
0 0.54562500 0.27437500 0.02125000 0.02625000
0 0.63187500 0.28750000 0.01375000 0.03000000
0 0.54812500 0.30125000 0.01375000 0.02500000
0 0.41937500 0.00937500 0.00875000 0.01625000
0 0.68562500 0.36875000 0.01125000 0.01750000
0 0.60437500 0.39812500 0.01625000 0.02875000
0 0.65562500 0.35687500 0.01375000 0.01875000
0 0.64375000 0.42875000 0.01500000 0.02250000
0 0.56937500 0.29375000 0.01625000 0.02500000
0 0.57875000 0.35750000 0.01000000 0.02000000
0 0.57000000 0.32500000 0.02000000 0.02250000
0 0.61750000 0.34750000 0.00750000 0.02000000
0 0.64875000 0.35937500 0.01500000 0.01875000
0 0.66937500 0.41875000 0.01375000 0.01750000
0 0.65437500 0.38312500 0.01375000 0.01875000
0 0.68875000 0.40500000 0.01500000 0.02000000
0 0.36937500 0.02625000 0.01125000 0.02500000
0 0.47500000 0.08812500 0.02000000 0.02625000
0 0.47875000 0.14937500 0.02000000 0.02625000
0 0.48750000 0.14687500 0.01500000 0.02125000
0 0.70875000 0.41062500 0.01250000 0.01875000
0 0.68875000 0.42812500 0.01500000 0.01875000
0 0.59875000 0.29000000 0.01000000 0.02000000
0 0.87250000 0.75062500 0.02250000 0.02125000
0 0.89187500 0.73187500 0.01375000 0.01625000
0 0.85187500 0.61062500 0.02875000 0.02625000
0 0.91062500 0.76062500 0.01875000 0.02375000
0 0.90437500 0.76625000 0.02125000 0.02750000
0 0.56187500 0.58687500 0.03625000 0.04625000
0 0.59187500 0.63062500 0.03125000 0.03875000
0 0.94062500 0.81062500 0.02125000 0.01625000
0 0.52875000 0.11125000 0.01000000 0.02750000
0 0.51875000 0.10812500 0.01250000 0.02125000
0 0.50937500 0.11187500 0.01125000 0.02875000
0 0.50125000 0.11625000 0.00750000 0.02500000
0 0.47062500 0.02625000 0.02625000 0.02500000
0 0.48500000 0.02312500 0.03500000 0.02875000
0 0.49187500 0.01625000 0.02625000 0.02250000
