0 0.30312500 0.74812500 0.00875000 0.01125000
0 0.17937500 0.40312500 0.02875000 0.01875000
0 0.22562500 0.73062500 0.02125000 0.01125000
0 0.36000000 0.71375000 0.01000000 0.01250000
0 0.25625000 0.73187500 0.01750000 0.01375000
0 0.01250000 0.44812500 0.02500000 0.01375000
0 0.31375000 0.35125000 0.03250000 0.01750000
0 0.38687500 0.39375000 0.01625000 0.01250000
0 0.01250000 0.63250000 0.02500000 0.01500000
0 0.03937500 0.67187500 0.03375000 0.01625000
0 0.22500000 0.43062500 0.02250000 0.01375000
0 0.12375000 0.52437500 0.03250000 0.00875000
0 0.31937500 0.61062500 0.02875000 0.03125000
0 0.30312500 0.72062500 0.01125000 0.00875000
0 0.13312500 0.45937500 0.02625000 0.01375000
0 0.03812500 0.50125000 0.02125000 0.01250000
0 0.43625000 0.45062500 0.01750000 0.01375000
0 0.30437500 0.73312500 0.01125000 0.01125000
0 0.07750000 0.52750000 0.00750000 0.01250000
0 0.12000000 0.37937500 0.02000000 0.01375000
0 0.11875000 0.66750000 0.02750000 0.02500000
0 0.69000000 0.05750000 0.04250000 0.01750000
0 0.67687500 0.11625000 0.03125000 0.02250000
0 0.21875000 0.55312500 0.02750000 0.01625000
0 0.02312500 0.58625000 0.03625000 0.02500000
0 0.30437500 0.24437500 0.02125000 0.01125000
0 0.12437500 0.63062500 0.02625000 0.01875000
0 0.02000000 0.76187500 0.01250000 0.00875000
0 0.33437500 0.60062500 0.02375000 0.02625000
0 0.11000000 0.75875000 0.03000000 0.01750000
0 0.05500000 0.83250000 0.02500000 0.02500000
