0 0.00687500 0.13187500 0.01375000 0.01625000
0 0.06500000 0.34687500 0.01250000 0.02375000
0 0.04437500 0.38062500 0.00875000 0.02125000
0 0.08062500 0.47250000 0.01125000 0.02750000
0 0.06125000 0.27437500 0.01250000 0.02375000
0 0.01562500 0.27062500 0.01375000 0.02375000
0 0.05312500 0.42000000 0.00875000 0.02250000
0 0.06937500 0.47562500 0.01125000 0.02625000
0 0.08250000 0.41062500 0.00750000 0.02125000
0 0.01687500 0.53750000 0.01125000 0.01750000
0 0.10750000 0.56062500 0.01000000 0.01625000
0 0.12062500 0.59937500 0.01375000 0.00625000
0 0.09937500 0.58375000 0.00875000 0.02250000
0 0.04187500 0.64812500 0.00875000 0.02375000
0 0.11875000 0.71000000 0.01000000 0.03500000
0 0.01437500 0.82625000 0.00875000 0.02750000
0 0.07875000 0.59625000 0.00750000 0.02500000
0 0.11750000 0.25750000 0.02000000 0.04500000
0 0.03437500 0.69312500 0.01375000 0.02625000
0 0.12000000 0.30750000 0.01750000 0.04000000
0 0.09250000 0.92500000 0.00750000 0.02000000
0 0.04875000 0.87687500 0.00750000 0.01625000
0 0.06125000 0.94687500 0.01000000 0.02375000
0 0.02875000 0.15375000 0.01000000 0.01750000
0 0.03687500 0.29312500 0.01125000 0.02625000
0 0.04125000 0.19000000 0.01250000 0.02000000
0 0.10500000 0.38625000 0.00750000 0.02000000
0 0.01687500 0.56687500 0.01125000 0.02375000
0 0.07687500 0.79750000 0.01875000 0.03500000
0 0.09812500 0.38812500 0.00875000 0.02125000
0 0.00875000 0.60375000 0.01500000 0.03000000
0 0.05812500 0.31125000 0.01125000 0.02500000
0 0.05562500 0.21750000 0.01125000 0.01750000
0 0.02875000 0.33000000 0.01000000 0.02250000
0 0.10812500 0.40812500 0.00875000 0.01625000
0 0.09875000 0.43125000 0.00750000 0.02000000
0 0.11687500 0.53250000 0.01125000 0.02000000
0 0.09812500 0.60937500 0.00875000 0.01875000
0 0.16500000 0.60187500 0.01500000 0.03125000
0 0.03687500 0.72750000 0.00875000 0.02000000
0 0.12687500 0.62500000 0.01125000 0.01250000
0 0.06312500 0.71375000 0.00875000 0.02250000
0 0.09687500 0.94937500 0.01125000 0.01625000
0 0.01125000 0.91937500 0.01000000 0.03625000
0 0.13125000 0.87750000 0.00750000 0.01000000
0 0.10687500 0.64250000 0.00875000 0.01500000
0 0.13375000 0.65125000 0.02000000 0.00750000
0 0.11062500 0.71125000 0.00875000 0.03500000
0 0.11125000 0.86062500 0.00750000 0.01375000
0 0.11812500 0.90812500 0.00875000 0.01625000
0 0.07625000 0.84437500 0.01000000 0.02375000
0 0.12000000 0.89312500 0.00750000 0.01125000
0 0.05937500 0.24687500 0.00875000 0.02125000
0 0.05187500 0.98562500 0.01625000 0.02625000
0 0.04500000 0.98500000 0.01250000 0.02250000
0 0.03750000 0.98187500 0.01250000 0.02625000
