0 0.56562500 0.74000000 0.01125000 0.02500000
0 0.61250000 0.77000000 0.00750000 0.01500000
0 0.50812500 0.70187500 0.01375000 0.01375000
0 0.46687500 0.85250000 0.00875000 0.02000000
0 0.34312500 0.26812500 0.00875000 0.01625000
0 0.50375000 0.25562500 0.01500000 0.02375000
0 0.32437500 0.27625000 0.00875000 0.01250000
0 0.31750000 0.14125000 0.00750000 0.02250000
0 0.30687500 0.15312500 0.01125000 0.02375000
0 0.57687500 0.76250000 0.00875000 0.02250000
0 0.47687500 0.87625000 0.01125000 0.01500000
0 0.48312500 0.77125000 0.01375000 0.02250000
0 0.54437500 0.85750000 0.01125000 0.02000000
0 0.37812500 0.27375000 0.01375000 0.02000000
0 0.48312500 0.26500000 0.01375000 0.01750000
0 0.39937500 0.26125000 0.01125000 0.01500000
0 0.52562500 0.27812500 0.01125000 0.01875000
0 0.57312500 0.99125000 0.01375000 0.01750000
0 0.30875000 0.19625000 0.00750000 0.01250000
0 0.38375000 0.34750000 0.01250000 0.02250000
0 0.58312500 0.33750000 0.00625000 0.01250000
0 0.59125000 0.33250000 0.01500000 0.02500000
0 0.37250000 0.23250000 0.01500000 0.02250000
0 0.48375000 0.35562500 0.01250000 0.02375000
0 0.41750000 0.34250000 0.01250000 0.02000000
0 0.55687500 0.40500000 0.00875000 0.02000000
0 0.61250000 0.38750000 0.01750000 0.05250000
0 0.57562500 0.47562500 0.00875000 0.02125000
0 0.53062500 0.59187500 0.01375000 0.02375000
0 0.61312500 0.44625000 0.02125000 0.06750000
0 0.57000000 0.50312500 0.00750000 0.01875000
0 0.44437500 0.08625000 0.04125000 0.06000000
0 0.58937500 0.58500000 0.01125000 0.02000000
0 0.38375000 0.23187500 0.01500000 0.01875000
0 0.50687500 0.33937500 0.01375000 0.02125000
0 0.33812500 0.32250000 0.01375000 0.02250000
0 0.53500000 0.42625000 0.01000000 0.02000000
0 0.53750000 0.34187500 0.01250000 0.02125000
0 0.32875000 0.32625000 0.02000000 0.02000000
0 0.53875000 0.45375000 0.00750000 0.02250000
0 0.62437500 0.57000000 0.01375000 0.04250000
0 0.51187500 0.53437500 0.01125000 0.02375000
0 0.63437500 0.64750000 0.01125000 0.02000000
0 0.54187500 0.54062500 0.00875000 0.02375000
0 0.55187500 0.58062500 0.00625000 0.02375000
0 0.24562500 0.10000000 0.01125000 0.02000000
0 0.32812500 0.17437500 0.01125000 0.02375000
0 0.26625000 0.08125000 0.01000000 0.02000000
0 0.33062500 0.23750000 0.01625000 0.02000000
0 0.47187500 0.80000000 0.01375000 0.02750000
0 0.52625000 0.88125000 0.01000000 0.02250000
0 0.49937500 0.73250000 0.01125000 0.02500000
0 0.40187500 0.28500000 0.01125000 0.02500000
0 0.46812500 0.30812500 0.01875000 0.02375000
0 0.35750000 0.30062500 0.01250000 0.01625000
0 0.48937500 0.29750000 0.01125000 0.02500000
0 0.23625000 0.14312500 0.01000000 0.02625000
0 0.28062500 0.10375000 0.01625000 0.01500000
0 0.35250000 0.25375000 0.01000000 0.01250000
0 0.57812500 0.82437500 0.01375000 0.02125000
0 0.53625000 0.91187500 0.00750000 0.02125000
0 0.56125000 0.76625000 0.01000000 0.02000000
0 0.50312500 0.99500000 0.00875000 0.01000000
0 0.38437500 0.31250000 0.01625000 0.02000000
0 0.50875000 0.28625000 0.01250000 0.01750000
0 0.38000000 0.31687500 0.01750000 0.02375000
0 0.52812500 0.29687500 0.01375000 0.01375000
0 0.39562500 0.22500000 0.01625000 0.02250000
0 0.32125000 0.30437500 0.00750000 0.01375000
0 0.56750000 0.44250000 0.01250000 0.02500000
0 0.50875000 0.16750000 0.03000000 0.02750000
0 0.50625000 0.39125000 0.01250000 0.02250000
0 0.42500000 0.51125000 0.01750000 0.03250000
0 0.55625000 0.47500000 0.01000000 0.02000000
0 0.49062500 0.94625000 0.02125000 0.02750000
0 0.59187500 0.53062500 0.00875000 0.02125000
0 0.54687500 0.57000000 0.00625000 0.02000000
0 0.48500000 0.94125000 0.01750000 0.02250000
0 0.57062500 0.53437500 0.01125000 0.02125000
0 0.51875000 0.65562500 0.01000000 0.03125000
0 0.56187500 0.25875000 0.02375000 0.03250000
0 0.48125000 0.39562500 0.01250000 0.01875000
0 0.40250000 0.01437500 0.02500000 0.02875000
0 0.53687500 0.49437500 0.01125000 0.02375000
0 0.54687500 0.25625000 0.00875000 0.01500000
0 0.57250000 0.29312500 0.03000000 0.04125000
0 0.43875000 0.53937500 0.01500000 0.01375000
0 0.56875000 0.95750000 0.01250000 0.02500000
0 0.58000000 0.55937500 0.00750000 0.01875000
0 0.61625000 0.67875000 0.00750000 0.01750000
0 0.55937500 0.95687500 0.01375000 0.02625000
0 0.52375000 0.56562500 0.01000000 0.01875000
0 0.61250000 0.71437500 0.01000000 0.02125000
0 0.27812500 0.13000000 0.01625000 0.02000000
0 0.29375000 0.12062500 0.01250000 0.02125000
