0 0.69375000 0.48062500 0.01500000 0.02125000
0 0.64750000 0.32875000 0.01500000 0.01500000
0 0.52062500 0.47312500 0.01625000 0.01875000
0 0.54750000 0.43875000 0.02000000 0.02250000
0 0.69125000 0.30062500 0.03500000 0.03125000
0 0.56500000 0.42312500 0.01500000 0.01875000
0 0.70250000 0.30250000 0.03750000 0.03500000
0 0.74750000 0.24875000 0.05500000 0.04250000
0 0.62812500 0.34875000 0.01875000 0.02000000
0 0.63812500 0.35187500 0.01875000 0.02125000
0 0.88750000 0.16562500 0.02750000 0.01875000
0 0.95125000 0.13562500 0.04750000 0.02625000
0 0.78625000 0.22375000 0.02250000 0.01750000
0 0.51625000 0.47000000 0.01750000 0.02000000
0 0.91562500 0.24687500 0.01875000 0.01125000
0 0.34687500 0.77750000 0.03625000 0.05500000
0 0.48875000 0.51937500 0.04250000 0.05625000
