0 0.53937500 0.99250000 0.01875000 0.01500000
0 0.59000000 0.91250000 0.02250000 0.03250000
0 0.60000000 0.90875000 0.02500000 0.02750000
0 0.98750000 0.82312500 0.01750000 0.01125000
0 0.37250000 0.53625000 0.03000000 0.01250000
0 0.62437500 0.40687500 0.03125000 0.02375000
0 0.65500000 0.96125000 0.02250000 0.02000000
0 0.88375000 0.78687500 0.02000000 0.01875000
0 0.89687500 0.51187500 0.02375000 0.01875000
0 0.93937500 0.57687500 0.02875000 0.01375000
0 0.99625000 0.51312500 0.00750000 0.00875000
