0 0.33687500 0.65562500 0.03875000 0.05875000
0 0.14062500 0.64000000 0.01375000 0.01750000
0 0.24000000 0.48500000 0.03500000 0.05000000
0 0.26812500 0.53687500 0.03875000 0.05375000
0 0.15312500 0.67375000 0.01375000 0.01500000
0 0.31750000 0.89125000 0.00750000 0.02250000
0 0.30687500 0.90312500 0.01125000 0.02375000
0 0.09812500 0.60937500 0.02375000 0.01375000
0 0.03937500 0.28687500 0.03625000 0.02375000
0 0.09000000 0.59062500 0.01750000 0.01375000
0 0.30875000 0.94625000 0.00750000 0.01250000
0 0.37250000 0.98250000 0.01500000 0.02250000
0 0.44437500 0.83625000 0.04125000 0.06000000
0 0.38375000 0.98187500 0.01500000 0.01875000
0 0.37062500 0.71000000 0.03875000 0.05500000
0 0.15687500 0.38500000 0.05125000 0.05500000
0 0.24562500 0.85000000 0.01125000 0.02000000
0 0.32812500 0.92437500 0.01125000 0.02375000
0 0.26625000 0.83125000 0.01000000 0.02000000
0 0.30562500 0.59937500 0.03625000 0.04875000
0 0.33062500 0.98750000 0.01625000 0.02000000
0 0.20125000 0.43687500 0.04750000 0.05375000
0 0.08750000 0.59687500 0.01500000 0.01125000
0 0.07062500 0.56437500 0.01375000 0.01875000
0 0.06062500 0.59437500 0.00875000 0.01125000
0 0.23625000 0.89312500 0.01000000 0.02625000
0 0.28062500 0.85375000 0.01625000 0.01500000
0 0.07312500 0.61562500 0.00875000 0.01625000
0 0.13375000 0.61000000 0.01750000 0.01250000
0 0.11562500 0.65125000 0.00875000 0.01250000
0 0.13000000 0.61687500 0.01750000 0.01375000
0 0.39562500 0.97500000 0.01625000 0.02250000
0 0.01562500 0.41062500 0.03125000 0.03375000
0 0.50875000 0.91750000 0.03000000 0.02750000
0 0.40187500 0.76125000 0.02625000 0.03500000
0 0.09375000 0.32750000 0.05250000 0.04750000
0 0.03375000 0.55312500 0.01500000 0.01875000
0 0.09500000 0.64687500 0.01500000 0.01875000
0 0.21125000 0.73625000 0.01500000 0.01500000
0 0.29312500 0.87125000 0.01375000 0.02000000
0 0.27875000 0.88062500 0.01500000 0.01875000
