0 0.45375000 0.81312500 0.01750000 0.02625000
0 0.41562500 0.71750000 0.01625000 0.02500000
0 0.29062500 0.07125000 0.03125000 0.01500000
0 0.36562500 0.69312500 0.01375000 0.02625000
0 0.47812500 0.74125000 0.01125000 0.02000000
0 0.34937500 0.05062500 0.03125000 0.01375000
0 0.36000000 0.73937500 0.01250000 0.01875000
0 0.84562500 0.00625000 0.02875000 0.01000000
0 0.38312500 0.73312500 0.01375000 0.02375000
0 0.47937500 0.89937500 0.01875000 0.02625000
0 0.50187500 0.95062500 0.01625000 0.02625000
0 0.29875000 0.54375000 0.02000000 0.02750000
0 0.36750000 0.63937500 0.01250000 0.02875000
0 0.29500000 0.58312500 0.01500000 0.02375000
0 0.40312500 0.65937500 0.01625000 0.04125000
0 0.42125000 0.81062500 0.02000000 0.02625000
0 0.49062500 0.92937500 0.01375000 0.02125000
0 0.40812500 0.02375000 0.04125000 0.01250000
0 0.36937500 0.77625000 0.01125000 0.02500000
0 0.38750000 0.80937500 0.01000000 0.02125000
0 0.69750000 0.02562500 0.02750000 0.01375000
0 0.39062500 0.73437500 0.01125000 0.02125000
0 0.52125000 0.91687500 0.02750000 0.02625000
0 0.56062500 0.93312500 0.01625000 0.02375000
0 0.74937500 0.09312500 0.02875000 0.01375000
0 0.54062500 0.82750000 0.01375000 0.02000000
0 0.47625000 0.10937500 0.02250000 0.00875000
0 0.55437500 0.89250000 0.01125000 0.02000000
0 0.67562500 0.07187500 0.01875000 0.01125000
0 0.54812500 0.85000000 0.01125000 0.02250000
0 0.51187500 0.18625000 0.02875000 0.01000000
0 0.59750000 0.97500000 0.01500000 0.02000000
0 0.63562500 0.20250000 0.01875000 0.01000000
0 0.18312500 0.41625000 0.02375000 0.02500000
0 0.65875000 0.21562500 0.01000000 0.00875000
0 0.42687500 0.06937500 0.02875000 0.01375000
0 0.44750000 0.91000000 0.01500000 0.02000000
0 0.12250000 0.09875000 0.01500000 0.01750000
0 0.56125000 0.97062500 0.01750000 0.02375000
0 0.45875000 0.87562500 0.01250000 0.02625000
0 0.75750000 0.16500000 0.02000000 0.01250000
0 0.54500000 0.98812500 0.01750000 0.02125000
0 0.65312500 0.24000000 0.02125000 0.00750000
0 0.15625000 0.43187500 0.01750000 0.02375000
0 0.24937500 0.26875000 0.00875000 0.02500000
0 0.17187500 0.45625000 0.01875000 0.02250000
0 0.39687500 0.67312500 0.01375000 0.03375000
0 0.25625000 0.61750000 0.01500000 0.02500000
0 0.33937500 0.66250000 0.01375000 0.02250000
0 0.53250000 0.96375000 0.01250000 0.02000000
0 0.52812500 0.94062500 0.01125000 0.01875000
0 0.40687500 0.77687500 0.01125000 0.02625000
0 0.55187500 0.02437500 0.03625000 0.01375000
0 0.41875000 0.83875000 0.01000000 0.03250000
0 0.41937500 0.75500000 0.00875000 0.02500000
0 0.60000000 0.06562500 0.03750000 0.01125000
0 0.35875000 0.86000000 0.01250000 0.01750000
0 0.58125000 0.93437500 0.01000000 0.02125000
0 0.34812500 0.60187500 0.01125000 0.02875000
0 0.19312500 0.03312500 0.02125000 0.01875000
0 0.33687500 0.69687500 0.01375000 0.02625000
0 0.34062500 0.60250000 0.01125000 0.02750000
0 0.23437500 0.02437500 0.02375000 0.01875000
0 0.57187500 0.91125000 0.01625000 0.02750000
0 0.59125000 0.93375000 0.01250000 0.02750000
0 0.43687500 0.73812500 0.01125000 0.03125000
0 0.55500000 0.08812500 0.02500000 0.00875000
0 0.43000000 0.86750000 0.00750000 0.02500000
0 0.44187500 0.77062500 0.00875000 0.02125000
0 0.77625000 0.04625000 0.02500000 0.01250000
0 0.47500000 0.83937500 0.02000000 0.02625000
0 0.33500000 0.22250000 0.03500000 0.03000000
0 0.57562500 0.99312500 0.01375000 0.01375000
0 0.32875000 0.21562500 0.03000000 0.02625000
0 0.59437500 0.99562500 0.01125000 0.00875000
0 0.30187500 0.09812500 0.02875000 0.01375000
0 0.46625000 0.93125000 0.01500000 0.02500000
0 0.77312500 0.20000000 0.01875000 0.01000000
0 0.52562500 0.99500000 0.01125000 0.01000000
0 0.23625000 0.11750000 0.03250000 0.01750000
0 0.75625000 0.21000000 0.02250000 0.01000000
0 0.51562500 0.97750000 0.01125000 0.02000000
0 0.51750000 0.82437500 0.01750000 0.02125000
0 0.28000000 0.26750000 0.00750000 0.01750000
0 0.62125000 0.99187500 0.01000000 0.01625000
0 0.19625000 0.47812500 0.02250000 0.02375000
0 0.20312500 0.23062500 0.01125000 0.03625000
0 0.23812500 0.47562500 0.01625000 0.02625000
0 0.36062500 0.11187500 0.03125000 0.00875000
0 0.46125000 0.84750000 0.01500000 0.02500000
0 0.41437500 0.15125000 0.02375000 0.01500000
0 0.56437500 0.87187500 0.01125000 0.02125000
0 0.75437500 0.22750000 0.01625000 0.01000000
0 0.19500000 0.22687500 0.01000000 0.03375000
0 0.20187500 0.52250000 0.02125000 0.01750000
0 0.13812500 0.39375000 0.02125000 0.02250000
0 0.27062500 0.51000000 0.02125000 0.03000000
0 0.23312500 0.55187500 0.01625000 0.01875000
0 0.26750000 0.54875000 0.02000000 0.02250000
0 0.32375000 0.64625000 0.01250000 0.02500000
0 0.37437500 0.63812500 0.01375000 0.02875000
0 0.60062500 0.95500000 0.01625000 0.01750000
0 0.48812500 0.89625000 0.01625000 0.02250000
0 0.47437500 0.77500000 0.02375000 0.02500000
0 0.46687500 0.77875000 0.01875000 0.02250000
0 0.48687500 0.77250000 0.02875000 0.02750000
0 0.49312500 0.76875000 0.02375000 0.02750000
0 0.52937500 0.86062500 0.01125000 0.02875000
0 0.51937500 0.85875000 0.01125000 0.02500000
0 0.51000000 0.86187500 0.01000000 0.02875000
0 0.50187500 0.86562500 0.00875000 0.02375000
0 0.39125000 0.75812500 0.01500000 0.02625000
0 0.38312500 0.75937500 0.01375000 0.02375000
