0 0.91250000 0.96375000 0.05750000 0.04000000
0 0.58625000 0.84937500 0.03000000 0.01625000
0 0.44125000 0.84375000 0.04000000 0.01500000
0 0.01187500 0.98875000 0.02375000 0.02250000
0 0.38812500 0.85062500 0.04375000 0.01875000
0 0.50187500 0.96250000 0.01375000 0.00750000
0 0.65687500 0.87437500 0.03625000 0.01375000
0 0.66562500 0.86437500 0.03375000 0.01375000
0 0.34125000 0.85500000 0.02500000 0.01250000
0 0.67500000 0.95625000 0.04250000 0.01500000
0 0.33125000 0.85187500 0.03000000 0.01375000
0 0.40000000 0.96125000 0.04250000 0.00750000
0 0.62875000 0.86187500 0.02750000 0.01625000
0 0.52812500 0.83750000 0.03125000 0.01500000
0 0.29500000 0.86250000 0.03750000 0.01000000
0 0.16625000 0.99500000 0.01750000 0.01000000
0 0.20125000 0.88625000 0.04750000 0.02250000
0 0.57937500 0.99062500 0.01625000 0.01125000
0 0.52625000 0.84625000 0.02500000 0.01500000
0 0.78250000 0.90687500 0.06750000 0.03625000
0 0.13812500 0.91562500 0.02875000 0.01875000
0 0.03750000 0.97437500 0.02250000 0.01875000
