0 0.81312500 0.24937500 0.01625000 0.01125000
0 0.69875000 0.18625000 0.02250000 0.02250000
0 0.75625000 0.19312500 0.01750000 0.01625000
0 0.80937500 0.25500000 0.01625000 0.01250000
0 0.78750000 0.22875000 0.01750000 0.01250000
0 0.75375000 0.15562500 0.01750000 0.01375000
0 0.80750000 0.17625000 0.02000000 0.01500000
0 0.78562500 0.19562500 0.02125000 0.01625000
0 0.99562500 0.21750000 0.00875000 0.01250000
0 0.78687500 0.20312500 0.01625000 0.01375000
0 0.70875000 0.15687500 0.02000000 0.01125000
0 0.72937500 0.17750000 0.02125000 0.01500000
0 0.91750000 0.15500000 0.01750000 0.01750000
0 0.92062500 0.12812500 0.01625000 0.01375000
0 0.75562500 0.17937500 0.01625000 0.01625000
0 0.90625000 0.24562500 0.01250000 0.00875000
0 0.78437500 0.23375000 0.01125000 0.00750000
0 0.96875000 0.16500000 0.02000000 0.02250000
0 0.94750000 0.34625000 0.02750000 0.01750000
0 0.96125000 0.17875000 0.01500000 0.01500000
0 0.71250000 0.20187500 0.00750000 0.02125000
0 0.61812500 0.07125000 0.01625000 0.03000000
0 0.72062500 0.21000000 0.00875000 0.02000000
0 0.72062500 0.14562500 0.02625000 0.01875000
0 0.75937500 0.20812500 0.01625000 0.01875000
0 0.59187500 0.01187500 0.01875000 0.02375000
0 0.68000000 0.17937500 0.01000000 0.01625000
0 0.90312500 0.14000000 0.01875000 0.01750000
0 0.95062500 0.18750000 0.02125000 0.02250000
0 0.94187500 0.19187500 0.00875000 0.01875000
