0 0.32687500 0.08625000 0.07125000 0.03250000
0 0.51062500 0.83312500 0.02375000 0.01125000
0 0.00562500 0.30687500 0.01125000 0.02625000
0 0.11000000 0.43875000 0.06500000 0.03250000
0 0.88250000 0.01000000 0.07000000 0.02000000
0 0.15125000 0.02062500 0.02250000 0.01875000
0 0.01437500 0.52125000 0.02375000 0.01500000
0 0.57250000 0.35062500 0.08000000 0.01875000
0 0.51812500 0.57437500 0.07875000 0.03625000
0 0.32437500 0.89562500 0.03625000 0.01625000
0 0.53625000 0.78250000 0.01000000 0.03000000
