0 0.67125000 0.24250000 0.02500000 0.00750000
0 0.73437500 0.24187500 0.01875000 0.00875000
0 0.06250000 0.58875000 0.00750000 0.01000000
0 0.74500000 0.25687500 0.01000000 0.01375000
0 0.29937500 0.52312500 0.01625000 0.00625000
0 0.38312500 0.06937500 0.01125000 0.03125000
0 0.25687500 0.52000000 0.01375000 0.00750000
0 0.49875000 0.37125000 0.03500000 0.03250000
0 0.70937500 0.28750000 0.00875000 0.01750000
0 0.11687500 0.55562500 0.01875000 0.00875000
0 0.22312500 0.55187500 0.01875000 0.00625000
0 0.01375000 0.61875000 0.01750000 0.00500000
