0 0.03812500 0.22500000 0.02375000 0.01750000
0 0.66625000 0.11437500 0.03250000 0.01375000
0 0.01187500 0.24062500 0.02375000 0.02875000
0 0.65750000 0.12375000 0.03750000 0.01500000
0 0.58562500 0.09937500 0.02875000 0.01625000
0 0.39937500 0.21187500 0.04125000 0.00875000
0 0.52937500 0.08625000 0.03375000 0.01500000
0 0.33250000 0.10250000 0.04000000 0.01750000
0 0.50187500 0.21187500 0.01375000 0.00625000
0 0.63250000 0.10937500 0.03500000 0.01125000
0 0.86062500 0.37312500 0.01875000 0.01625000
0 0.52625000 0.09750000 0.02500000 0.01500000
0 0.78250000 0.15562500 0.06500000 0.03125000
0 0.48437500 0.08562500 0.05375000 0.01125000
0 0.29625000 0.11312500 0.03500000 0.01125000
0 0.84125000 0.27875000 0.05500000 0.03750000
0 0.91375000 0.21437500 0.05250000 0.03875000
0 0.43625000 0.08750000 0.04500000 0.01000000
0 0.20062500 0.13437500 0.04875000 0.02375000
0 0.44187500 0.09625000 0.03875000 0.01000000
0 0.14062500 0.16562500 0.03125000 0.01625000
0 0.98812500 0.25437500 0.02125000 0.01875000
0 0.99125000 0.39562500 0.01750000 0.02375000
0 0.39125000 0.08812500 0.03250000 0.00875000
0 0.38687500 0.10062500 0.04625000 0.01625000
0 0.67437500 0.20187500 0.04125000 0.02125000
