0 0.22687500 0.02312500 0.07375000 0.02375000
0 0.59875000 0.19687500 0.08500000 0.03125000
0 0.75562500 0.30687500 0.01125000 0.02625000
0 0.86000000 0.43875000 0.06500000 0.03250000
0 0.51000000 0.57937500 0.07250000 0.03125000
0 0.07875000 0.22687500 0.04000000 0.01875000
0 0.27562500 0.20062500 0.06875000 0.03375000
0 0.90125000 0.02062500 0.02250000 0.01875000
0 0.67937500 0.00812500 0.06875000 0.01625000
0 0.76437500 0.52125000 0.02375000 0.01500000
0 0.69000000 0.80750000 0.04250000 0.01750000
0 0.67687500 0.86625000 0.03125000 0.02250000
0 0.30437500 0.99437500 0.02125000 0.01125000
