0 0.93312500 0.41625000 0.02375000 0.02500000
0 0.13125000 0.58562500 0.02250000 0.00875000
0 0.16750000 0.59062500 0.01750000 0.00625000
0 0.87250000 0.09875000 0.01500000 0.01750000
0 0.90625000 0.43187500 0.01750000 0.02375000
0 0.92187500 0.45625000 0.01875000 0.02250000
0 0.20500000 0.58875000 0.02000000 0.01000000
0 0.24062500 0.58812500 0.02875000 0.00875000
0 0.94312500 0.03312500 0.02125000 0.01875000
0 0.98437500 0.02437500 0.02375000 0.01875000
0 0.98500000 0.11750000 0.03000000 0.01750000
0 0.00875000 0.60625000 0.01500000 0.00750000
0 0.94625000 0.47812500 0.02250000 0.02375000
0 0.95312500 0.23062500 0.01125000 0.03625000
0 0.98812500 0.47562500 0.01625000 0.02625000
0 0.28687500 0.58312500 0.01625000 0.00625000
0 0.29375000 0.59562500 0.01500000 0.00625000
0 0.05375000 0.60562500 0.01250000 0.00875000
0 0.09562500 0.59687500 0.01875000 0.00625000
0 0.94500000 0.22687500 0.01000000 0.03375000
0 0.95187500 0.52250000 0.02125000 0.01750000
0 0.88812500 0.39375000 0.02125000 0.02250000
0 0.65125000 0.20312500 0.01000000 0.01875000
0 0.98250000 0.55187500 0.01750000 0.01875000
