0 0.37812500 0.25125000 0.03625000 0.01000000
0 0.35562500 0.82125000 0.01875000 0.02250000
0 0.79812500 0.05812500 0.03875000 0.01375000
0 0.36562500 0.89312500 0.01875000 0.02375000
0 0.46875000 0.26187500 0.03750000 0.00875000
0 0.33375000 0.29062500 0.03000000 0.00875000
0 0.76750000 0.13250000 0.03750000 0.01250000
0 0.41500000 0.88187500 0.01750000 0.02375000
0 0.35000000 0.33437500 0.03500000 0.00875000
0 0.31500000 0.72375000 0.01250000 0.01750000
0 0.45062500 0.08562500 0.03125000 0.01375000
0 0.37500000 0.75187500 0.01750000 0.02125000
0 0.52187500 0.95812500 0.01625000 0.01625000
0 0.33875000 0.72187500 0.01750000 0.02125000
0 0.21437500 0.11875000 0.02125000 0.01250000
0 0.34000000 0.77437500 0.01250000 0.01625000
0 0.44750000 0.29437500 0.03750000 0.01125000
0 0.36937500 0.83687500 0.01625000 0.02625000
0 0.19625000 0.21250000 0.02250000 0.01250000
0 0.39187500 0.89312500 0.01125000 0.01875000
0 0.40187500 0.34437500 0.03125000 0.01375000
0 0.38750000 0.82000000 0.01750000 0.02000000
0 0.67375000 0.20375000 0.03750000 0.01750000
0 0.45375000 0.89125000 0.01500000 0.02500000
0 0.53062500 0.33937500 0.02625000 0.01625000
0 0.41625000 0.92875000 0.01500000 0.02250000
0 0.54812500 0.39187500 0.00625000 0.00875000
0 0.62812500 0.27312500 0.04125000 0.01875000
0 0.42875000 0.95187500 0.01750000 0.02875000
0 0.55937500 0.42312500 0.01125000 0.01125000
0 0.19062500 0.30750000 0.04125000 0.01000000
0 0.26937500 0.64312500 0.01625000 0.01625000
0 0.81187500 0.30125000 0.01625000 0.00750000
0 0.23812500 0.65187500 0.01875000 0.02125000
0 0.66875000 0.28437500 0.03250000 0.01375000
0 0.45375000 0.95687500 0.01750000 0.02125000
0 0.57750000 0.38812500 0.01500000 0.01125000
0 0.70812500 0.28187500 0.01375000 0.01125000
0 0.44625000 0.98937500 0.01750000 0.02125000
0 0.60312500 0.40375000 0.00875000 0.01000000
0 0.79625000 0.37250000 0.01000000 0.01000000
0 0.28937500 0.65687500 0.01375000 0.01375000
0 0.22687500 0.57125000 0.01875000 0.02250000
0 0.08125000 0.30562500 0.02750000 0.01625000
0 0.52062500 0.99000000 0.01875000 0.02000000
0 0.36562500 0.73062500 0.01125000 0.01875000
0 0.51187500 0.11812500 0.02625000 0.01875000
0 0.33000000 0.78937500 0.01250000 0.01625000
0 0.54062500 0.98187500 0.01875000 0.01625000
0 0.31750000 0.75000000 0.01250000 0.01500000
0 0.51625000 0.15687500 0.04000000 0.00875000
0 0.40000000 0.78625000 0.01750000 0.02250000
0 0.49750000 0.22125000 0.03500000 0.01000000
0 0.42375000 0.82750000 0.01500000 0.03000000
0 0.60625000 0.22875000 0.01750000 0.01000000
0 0.30125000 0.33187500 0.03750000 0.01125000
0 0.53125000 0.24437500 0.03500000 0.01125000
0 0.47312500 0.83500000 0.02125000 0.02750000
0 0.55187500 0.26125000 0.04125000 0.01000000
0 0.47875000 0.88687500 0.01250000 0.01875000
0 0.38875000 0.28500000 0.04000000 0.01000000
0 0.25062500 0.28812500 0.02625000 0.01375000
0 0.43937500 0.22062500 0.02375000 0.00875000
0 0.37937500 0.79250000 0.01125000 0.01750000
0 0.37062500 0.14750000 0.03125000 0.02000000
0 0.29562500 0.75125000 0.01625000 0.01750000
0 0.14187500 0.20562500 0.03875000 0.01375000
0 0.35250000 0.80062500 0.02000000 0.02375000
0 0.59187500 0.17875000 0.03625000 0.01000000
0 0.39812500 0.85000000 0.01625000 0.02000000
0 0.50625000 0.31187500 0.03000000 0.01375000
0 0.45562500 0.91312500 0.01625000 0.02125000
0 0.66562500 0.11562500 0.02875000 0.01125000
0 0.42187500 0.85562500 0.01125000 0.01875000
0 0.56125000 0.30187500 0.03750000 0.01125000
0 0.50500000 0.92125000 0.00750000 0.01250000
0 0.60187500 0.31125000 0.02625000 0.01250000
0 0.46375000 0.98437500 0.02250000 0.02375000
0 0.83250000 0.18625000 0.04250000 0.01000000
0 0.20687500 0.25875000 0.02625000 0.00750000
0 0.49437500 0.97625000 0.01875000 0.02250000
0 0.77750000 0.20937500 0.03750000 0.00875000
0 0.23812500 0.60187500 0.01375000 0.02125000
0 0.26312500 0.68500000 0.01875000 0.02000000
0 0.21250000 0.59437500 0.02000000 0.01625000
0 0.29187500 0.71375000 0.01875000 0.02000000
0 0.55750000 0.34625000 0.02750000 0.01000000
0 0.50062500 0.95937500 0.01375000 0.02125000
0 0.82562500 0.24000000 0.03375000 0.01250000
0 0.66375000 0.33625000 0.02000000 0.01000000
0 0.92687500 0.21312500 0.03125000 0.00875000
0 0.22250000 0.62062500 0.01750000 0.01375000
0 0.28812500 0.71875000 0.01875000 0.02000000
0 0.27187500 0.63750000 0.01625000 0.01750000
0 0.30687500 0.70312500 0.01875000 0.01875000
0 0.28812500 0.16437500 0.01875000 0.00625000
0 0.25062500 0.23437500 0.04375000 0.01375000
0 0.30875000 0.69625000 0.02000000 0.01750000
0 0.35375000 0.75437500 0.01750000 0.02125000
0 0.34937500 0.75937500 0.01625000 0.02125000
0 0.33625000 0.69687500 0.01250000 0.01375000
0 0.42812500 0.91000000 0.01875000 0.02000000
0 0.42125000 0.91500000 0.01750000 0.02000000
0 0.46937500 0.95250000 0.01875000 0.02000000
0 0.47562500 0.94750000 0.01875000 0.02000000
0 0.48562500 0.94437500 0.01625000 0.01875000
0 0.49312500 0.93937500 0.02125000 0.01875000
