0 0.58687500 0.65562500 0.03875000 0.05875000
0 0.39062500 0.64000000 0.01375000 0.01750000
0 0.09062500 0.27812500 0.05625000 0.03625000
0 0.49000000 0.48500000 0.03500000 0.05000000
0 0.51812500 0.53687500 0.03875000 0.05375000
0 0.40312500 0.67375000 0.01375000 0.01500000
0 0.56750000 0.89125000 0.00750000 0.02250000
0 0.55687500 0.90312500 0.01125000 0.02375000
0 0.34812500 0.60937500 0.02375000 0.01375000
0 0.28937500 0.28687500 0.03625000 0.02375000
0 0.34000000 0.59062500 0.01750000 0.01375000
0 0.55875000 0.94625000 0.00750000 0.01250000
0 0.62250000 0.98250000 0.01500000 0.02250000
0 0.69437500 0.83625000 0.04125000 0.06000000
0 0.63375000 0.98187500 0.01500000 0.01875000
0 0.62062500 0.71000000 0.03875000 0.05500000
0 0.40687500 0.38500000 0.05125000 0.05500000
0 0.49562500 0.85000000 0.01125000 0.02000000
0 0.57812500 0.92437500 0.01125000 0.02375000
0 0.51625000 0.83125000 0.01000000 0.02000000
0 0.55562500 0.59937500 0.03625000 0.04875000
0 0.58062500 0.98750000 0.01625000 0.02000000
0 0.45125000 0.43687500 0.04750000 0.05375000
0 0.23875000 0.25437500 0.02250000 0.01875000
0 0.33750000 0.59687500 0.01500000 0.01125000
0 0.32062500 0.56437500 0.01375000 0.01875000
0 0.31062500 0.59437500 0.00875000 0.01125000
0 0.48625000 0.89312500 0.01000000 0.02625000
0 0.16187500 0.21375000 0.05625000 0.04000000
0 0.53062500 0.85375000 0.01625000 0.01500000
0 0.32312500 0.61562500 0.00875000 0.01625000
0 0.38375000 0.61000000 0.01750000 0.01250000
0 0.36562500 0.65125000 0.00875000 0.01250000
0 0.38000000 0.61687500 0.01750000 0.01375000
0 0.64562500 0.97500000 0.01625000 0.02250000
0 0.25500000 0.40562500 0.05250000 0.04375000
0 0.75875000 0.91750000 0.03000000 0.02750000
0 0.65187500 0.76125000 0.02625000 0.03500000
0 0.34375000 0.32750000 0.05250000 0.04750000
0 0.28375000 0.55312500 0.01500000 0.01875000
0 0.03250000 0.15687500 0.06500000 0.03625000
0 0.34625000 0.64750000 0.01500000 0.01750000
0 0.46187500 0.73687500 0.01375000 0.01625000
0 0.54312500 0.87062500 0.01125000 0.01875000
0 0.52812500 0.87937500 0.01625000 0.01875000
0 0.11125000 0.37312500 0.01750000 0.01625000
