0 0.71437500 0.10312500 0.01625000 0.02125000
0 0.75687500 0.13187500 0.01375000 0.01625000
0 0.81500000 0.34687500 0.01250000 0.02375000
0 0.79437500 0.38062500 0.00875000 0.02125000
0 0.83062500 0.47250000 0.01125000 0.02750000
0 0.81125000 0.27437500 0.01250000 0.02375000
0 0.64500000 0.31000000 0.01250000 0.01750000
0 0.74812500 0.15062500 0.01375000 0.01625000
0 0.76562500 0.27062500 0.01375000 0.02375000
0 0.80312500 0.42000000 0.00875000 0.02250000
0 0.81937500 0.47562500 0.01125000 0.02625000
0 0.83250000 0.41062500 0.00750000 0.02125000
0 0.76687500 0.53750000 0.01125000 0.01750000
0 0.85750000 0.56062500 0.01000000 0.01625000
0 0.87062500 0.59937500 0.01375000 0.00625000
0 0.64375000 0.92125000 0.00750000 0.01500000
0 0.84937500 0.58375000 0.00875000 0.02250000
0 0.79187500 0.64812500 0.00875000 0.02375000
0 0.56875000 0.00062500 0.00500000 0.00125000
0 0.86875000 0.71000000 0.01000000 0.03500000
0 0.72062500 0.99437500 0.00875000 0.01125000
0 0.76437500 0.82625000 0.00875000 0.02750000
0 0.57750000 0.02000000 0.01750000 0.02500000
0 0.57312500 0.13187500 0.01125000 0.01625000
0 0.52437500 0.01562500 0.01375000 0.01625000
0 0.59187500 0.14187500 0.01125000 0.01625000
0 0.82875000 0.59625000 0.00750000 0.02500000
0 0.86750000 0.25750000 0.02000000 0.04500000
0 0.78437500 0.69312500 0.01375000 0.02625000
0 0.87000000 0.30750000 0.01750000 0.04000000
0 0.74000000 0.70312500 0.00750000 0.02375000
0 0.71937500 0.84937500 0.00875000 0.02625000
0 0.84250000 0.92500000 0.00750000 0.02000000
0 0.79875000 0.87687500 0.00750000 0.01625000
0 0.81125000 0.94687500 0.01000000 0.02375000
0 0.57687500 0.04437500 0.01375000 0.01625000
0 0.63000000 0.11125000 0.00750000 0.01500000
0 0.58125000 0.07562500 0.01500000 0.02125000
0 0.64062500 0.13000000 0.01375000 0.02250000
0 0.77875000 0.15375000 0.01000000 0.01750000
0 0.78687500 0.29312500 0.01125000 0.02625000
0 0.79125000 0.19000000 0.01250000 0.02000000
0 0.85500000 0.38625000 0.00750000 0.02000000
0 0.76687500 0.56687500 0.01125000 0.02375000
0 0.82687500 0.79750000 0.01875000 0.03500000
0 0.84812500 0.38812500 0.00875000 0.02125000
0 0.75875000 0.60375000 0.01500000 0.03000000
0 0.67437500 0.70375000 0.00875000 0.02000000
0 0.73562500 0.19562500 0.01625000 0.02125000
0 0.80812500 0.31125000 0.01125000 0.02500000
0 0.80562500 0.21750000 0.01125000 0.01750000
0 0.77875000 0.33000000 0.01000000 0.02250000
0 0.85812500 0.40812500 0.00875000 0.01625000
0 0.73375000 0.63500000 0.01250000 0.02750000
0 0.84875000 0.43125000 0.00750000 0.02000000
0 0.86687500 0.53250000 0.01125000 0.02000000
0 0.84812500 0.60937500 0.00875000 0.01875000
0 0.91500000 0.60187500 0.01500000 0.03125000
0 0.78687500 0.72750000 0.00875000 0.02000000
0 0.87687500 0.62500000 0.01125000 0.01250000
0 0.81312500 0.71375000 0.00875000 0.02250000
0 0.72437500 0.91812500 0.00875000 0.01625000
0 0.84687500 0.94937500 0.01125000 0.01625000
0 0.76125000 0.91937500 0.01000000 0.03625000
0 0.88125000 0.87750000 0.00750000 0.01000000
0 0.62000000 0.05562500 0.01750000 0.02625000
0 0.60562500 0.11562500 0.01125000 0.02375000
0 0.61500000 0.16250000 0.01250000 0.02250000
0 0.85687500 0.64250000 0.00875000 0.01500000
0 0.68000000 0.67500000 0.01250000 0.02750000
0 0.88375000 0.65125000 0.02000000 0.00750000
0 0.63875000 0.92187500 0.00750000 0.02625000
0 0.86062500 0.71125000 0.00875000 0.03500000
0 0.61312500 0.00875000 0.01375000 0.01750000
0 0.86125000 0.86062500 0.00750000 0.01375000
0 0.86812500 0.90812500 0.00875000 0.01625000
0 0.82625000 0.84437500 0.01000000 0.02375000
0 0.87000000 0.89312500 0.00750000 0.01125000
0 0.58937500 0.12375000 0.00875000 0.01750000
0 0.62812500 0.18187500 0.01375000 0.02375000
0 0.64062500 0.16500000 0.01375000 0.02000000
0 0.74062500 0.23750000 0.01375000 0.02500000
0 0.80875000 0.24687500 0.01000000 0.02125000
0 0.78750000 0.98187500 0.01750000 0.02625000
0 0.79500000 0.98500000 0.01250000 0.02250000
0 0.80250000 0.98562500 0.01750000 0.02625000
0 0.65187500 0.33875000 0.01625000 0.02000000
0 0.59625000 0.19750000 0.01500000 0.02250000
