0 0.98750000 0.41000000 0.01000000 0.01500000
0 0.52875000 0.08750000 0.03500000 0.01500000
0 0.16562500 0.24750000 0.01875000 0.01250000
0 0.52687500 0.09750000 0.02625000 0.01500000
0 0.01187500 0.24062500 0.02375000 0.02875000
0 0.44187500 0.09375000 0.04125000 0.01500000
0 0.40062500 0.21125000 0.04125000 0.00750000
0 0.84187500 0.27875000 0.05375000 0.03500000
0 0.67625000 0.20625000 0.04250000 0.01500000
0 0.38812500 0.10062500 0.04125000 0.01875000
0 0.91312500 0.21437500 0.05375000 0.03875000
0 0.33375000 0.10437500 0.03750000 0.01375000
0 0.50250000 0.21187500 0.01250000 0.00625000
0 0.66625000 0.11437500 0.03250000 0.01375000
0 0.65812500 0.12437500 0.03875000 0.01375000
0 0.29687500 0.11250000 0.03375000 0.01000000
0 0.57875000 0.24000000 0.01500000 0.01000000
0 0.20062500 0.13562500 0.04625000 0.02125000
0 0.99062500 0.39687500 0.01875000 0.02625000
0 0.62937500 0.10875000 0.02875000 0.01000000
0 0.58562500 0.09937500 0.02875000 0.01625000
0 0.03687500 0.22375000 0.02125000 0.02000000
0 0.13750000 0.16562500 0.02750000 0.01875000
0 0.78250000 0.15625000 0.06750000 0.03250000
