0 0.96187500 0.20937500 0.02375000 0.02125000
0 0.88000000 0.27125000 0.02250000 0.02250000
0 0.78812500 0.04187500 0.01625000 0.01875000
0 0.74000000 0.06500000 0.01750000 0.01500000
0 0.92687500 0.32187500 0.02125000 0.02125000
0 0.59375000 0.09125000 0.02750000 0.03500000
0 0.78937500 0.08125000 0.01625000 0.01750000
0 0.84812500 0.00312500 0.01625000 0.00625000
0 0.98312500 0.08375000 0.01125000 0.01250000
0 0.75750000 0.11312500 0.01500000 0.01875000
0 0.90625000 0.41687500 0.02000000 0.01875000
0 0.96875000 0.49812500 0.01500000 0.01625000
0 0.17937500 0.24312500 0.01625000 0.01125000
