0 0.41312500 0.30375000 0.02375000 0.01750000
0 0.06312500 0.24937500 0.01625000 0.01125000
0 0.35875000 0.28937500 0.02000000 0.01875000
0 0.00750000 0.19312500 0.01500000 0.01625000
0 0.37000000 0.27437500 0.02000000 0.01875000
0 0.05937500 0.25500000 0.01625000 0.01250000
0 0.03750000 0.22875000 0.01750000 0.01250000
0 0.00625000 0.15562500 0.01250000 0.01375000
0 0.05750000 0.17625000 0.02000000 0.01500000
0 0.03562500 0.19562500 0.02125000 0.01625000
0 0.25125000 0.22000000 0.02000000 0.01750000
0 0.03687500 0.20312500 0.01625000 0.01375000
0 0.39375000 0.32125000 0.01750000 0.01250000
0 0.16750000 0.15500000 0.01750000 0.01750000
0 0.42562500 0.32937500 0.02375000 0.01625000
0 0.17062500 0.12812500 0.01625000 0.01375000
0 0.48000000 0.33937500 0.02000000 0.01625000
0 0.36500000 0.28125000 0.02250000 0.01750000
0 0.00687500 0.17937500 0.01375000 0.01625000
0 0.15625000 0.24562500 0.01250000 0.00875000
0 0.03437500 0.23375000 0.01125000 0.00750000
0 0.30062500 0.22750000 0.01875000 0.01250000
0 0.21875000 0.16500000 0.02000000 0.02250000
0 0.19750000 0.34625000 0.02750000 0.01750000
0 0.21125000 0.17875000 0.01500000 0.01500000
0 0.29250000 0.21312500 0.01500000 0.01625000
0 0.27187500 0.24937500 0.01875000 0.01875000
0 0.50750000 0.34812500 0.02750000 0.01125000
0 0.31000000 0.25437500 0.02250000 0.01875000
0 0.52250000 0.36437500 0.02250000 0.00875000
0 0.00937500 0.20812500 0.01625000 0.01875000
0 0.26062500 0.21625000 0.02125000 0.01750000
0 0.15375000 0.14062500 0.01750000 0.01875000
0 0.20125000 0.18750000 0.02000000 0.02250000
0 0.19125000 0.19187500 0.01000000 0.01875000
