0 0.15875000 0.71625000 0.01250000 0.00500000
0 0.33000000 0.67875000 0.01500000 0.00750000
0 0.83562500 0.30562500 0.03875000 0.01625000
0 0.97687500 0.57125000 0.02125000 0.02250000
0 0.89062500 0.20562500 0.03375000 0.01375000
0 0.96062500 0.59375000 0.02375000 0.02000000
0 0.12687500 0.20500000 0.05125000 0.01000000
0 0.46375000 0.19687500 0.01500000 0.01125000
0 0.95937500 0.25875000 0.03125000 0.01000000
0 0.09062500 0.72187500 0.02125000 0.00625000
0 0.94687500 0.21187500 0.02125000 0.01125000
0 0.98750000 0.60312500 0.01250000 0.01875000
0 0.75187500 0.26000000 0.01375000 0.01500000
0 0.70312500 0.33875000 0.01375000 0.01750000
0 0.94125000 0.30812500 0.04500000 0.01125000
0 0.97187500 0.62187500 0.01375000 0.01375000
0 0.99000000 0.23500000 0.02000000 0.01250000
0 0.98750000 0.65187500 0.02000000 0.02125000
0 0.69187500 0.39562500 0.01125000 0.02125000
0 0.23000000 0.71125000 0.03500000 0.01000000
