0 0.81562500 0.74000000 0.01125000 0.02500000
0 0.86250000 0.77000000 0.00750000 0.01500000
0 0.75812500 0.70187500 0.01375000 0.01375000
0 0.71687500 0.85250000 0.00875000 0.02000000
0 0.59312500 0.26812500 0.00875000 0.01625000
0 0.75375000 0.25562500 0.01500000 0.02375000
0 0.57437500 0.27625000 0.00875000 0.01250000
0 0.56750000 0.14125000 0.00750000 0.02250000
0 0.55687500 0.15312500 0.01125000 0.02375000
0 0.82687500 0.76250000 0.00875000 0.02250000
0 0.72687500 0.87625000 0.01125000 0.01500000
0 0.73312500 0.77125000 0.01375000 0.02250000
0 0.79437500 0.85750000 0.01125000 0.02000000
0 0.62812500 0.27375000 0.01375000 0.02000000
0 0.73312500 0.26500000 0.01375000 0.01750000
0 0.64937500 0.26125000 0.01125000 0.01500000
0 0.77562500 0.27812500 0.01125000 0.01875000
0 0.82312500 0.99125000 0.01375000 0.01750000
0 0.55875000 0.19625000 0.00750000 0.01250000
0 0.63375000 0.34750000 0.01250000 0.02250000
0 0.83312500 0.33750000 0.00625000 0.01250000
0 0.84125000 0.33250000 0.01500000 0.02500000
0 0.62250000 0.23250000 0.01500000 0.02250000
0 0.73375000 0.35562500 0.01250000 0.02375000
0 0.66750000 0.34250000 0.01250000 0.02000000
0 0.80687500 0.40500000 0.00875000 0.02000000
0 0.86250000 0.38750000 0.01750000 0.05250000
0 0.82562500 0.47562500 0.00875000 0.02125000
0 0.78062500 0.59187500 0.01375000 0.02375000
0 0.86312500 0.44625000 0.02125000 0.06750000
0 0.82000000 0.50312500 0.00750000 0.01875000
0 0.69437500 0.08625000 0.04125000 0.06000000
0 0.83937500 0.58500000 0.01125000 0.02000000
0 0.63375000 0.23187500 0.01500000 0.01875000
0 0.75687500 0.33937500 0.01375000 0.02125000
0 0.58812500 0.32250000 0.01375000 0.02250000
0 0.78500000 0.42625000 0.01000000 0.02000000
0 0.78750000 0.34187500 0.01250000 0.02125000
0 0.57875000 0.32625000 0.02000000 0.02000000
0 0.78875000 0.45375000 0.00750000 0.02250000
0 0.87437500 0.57000000 0.01375000 0.04250000
0 0.76187500 0.53437500 0.01125000 0.02375000
0 0.88437500 0.64750000 0.01125000 0.02000000
0 0.79187500 0.54062500 0.00875000 0.02375000
0 0.80187500 0.58062500 0.00625000 0.02375000
0 0.49562500 0.10000000 0.01125000 0.02000000
0 0.57812500 0.17437500 0.01125000 0.02375000
0 0.51625000 0.08125000 0.01000000 0.02000000
0 0.58062500 0.23750000 0.01625000 0.02000000
0 0.72187500 0.80000000 0.01375000 0.02750000
0 0.77625000 0.88125000 0.01000000 0.02250000
0 0.74937500 0.73250000 0.01125000 0.02500000
0 0.65187500 0.28500000 0.01125000 0.02500000
0 0.71812500 0.30812500 0.01875000 0.02375000
0 0.60750000 0.30062500 0.01250000 0.01625000
0 0.73937500 0.29750000 0.01125000 0.02500000
0 0.48625000 0.14312500 0.01000000 0.02625000
0 0.53062500 0.10375000 0.01625000 0.01500000
0 0.60250000 0.25375000 0.01000000 0.01250000
0 0.82812500 0.82437500 0.01375000 0.02125000
0 0.78625000 0.91187500 0.00750000 0.02125000
0 0.81125000 0.76625000 0.01000000 0.02000000
0 0.75312500 0.99500000 0.00875000 0.01000000
0 0.63437500 0.31250000 0.01625000 0.02000000
0 0.75875000 0.28625000 0.01250000 0.01750000
0 0.63000000 0.31687500 0.01750000 0.02375000
0 0.77812500 0.29687500 0.01375000 0.01375000
0 0.64562500 0.22500000 0.01625000 0.02250000
0 0.57125000 0.30437500 0.00750000 0.01375000
0 0.81750000 0.44250000 0.01250000 0.02500000
0 0.75875000 0.16750000 0.03000000 0.02750000
0 0.75625000 0.39125000 0.01250000 0.02250000
0 0.67500000 0.51125000 0.01750000 0.03250000
0 0.80625000 0.47500000 0.01000000 0.02000000
0 0.74062500 0.94625000 0.02125000 0.02750000
0 0.84187500 0.53062500 0.00875000 0.02125000
0 0.79687500 0.57000000 0.00625000 0.02000000
0 0.73500000 0.94125000 0.01750000 0.02250000
0 0.82062500 0.53437500 0.01125000 0.02125000
0 0.76875000 0.65562500 0.01000000 0.03125000
0 0.81187500 0.25875000 0.02375000 0.03250000
0 0.73125000 0.39562500 0.01250000 0.01875000
0 0.65250000 0.01437500 0.02500000 0.02875000
0 0.78687500 0.49437500 0.01125000 0.02375000
0 0.79687500 0.25625000 0.00875000 0.01500000
0 0.82250000 0.29312500 0.03000000 0.04125000
0 0.68875000 0.53937500 0.01500000 0.01375000
0 0.81875000 0.95750000 0.01250000 0.02500000
0 0.83000000 0.55937500 0.00750000 0.01875000
0 0.86625000 0.67875000 0.00750000 0.01750000
0 0.80937500 0.95687500 0.01375000 0.02625000
0 0.77375000 0.56562500 0.01000000 0.01875000
0 0.86250000 0.71437500 0.01000000 0.02125000
0 0.54250000 0.12062500 0.01250000 0.01875000
0 0.52875000 0.12875000 0.01500000 0.01750000
