0 0.55062500 0.74625000 0.02625000 0.02250000
0 0.50812500 0.92187500 0.01875000 0.01625000
0 0.45562500 0.23500000 0.00875000 0.02250000
0 0.47687500 0.08625000 0.01125000 0.02250000
0 0.52875000 0.21937500 0.01500000 0.02875000
0 0.51875000 0.42312500 0.01250000 0.01875000
0 0.60062500 0.28125000 0.02375000 0.00750000
0 0.49687500 0.65500000 0.01625000 0.02250000
0 0.74375000 0.91250000 0.02750000 0.02250000
0 0.57312500 0.05562500 0.01375000 0.02125000
0 0.54437500 0.27875000 0.01375000 0.02500000
0 0.50937500 0.14437500 0.01375000 0.02125000
0 0.47500000 0.14750000 0.01750000 0.02750000
0 0.50125000 0.28312500 0.02000000 0.03125000
0 0.48875000 0.28125000 0.01500000 0.02750000
0 0.47125000 0.33625000 0.01250000 0.02500000
0 0.52375000 0.68812500 0.02000000 0.02125000
0 0.52375000 0.33062500 0.01500000 0.02125000
0 0.57062500 0.07500000 0.01375000 0.01500000
0 0.58937500 0.13875000 0.01125000 0.01250000
0 0.51937500 0.35437500 0.01375000 0.02125000
0 0.60125000 0.70562500 0.01750000 0.01875000
0 0.53875000 0.37687500 0.01500000 0.01875000
0 0.55312500 0.66500000 0.01375000 0.01750000
0 0.50125000 0.06500000 0.01250000 0.02500000
0 0.45125000 0.19000000 0.01000000 0.02500000
0 0.47625000 0.22062500 0.01000000 0.02625000
0 0.49062500 0.01125000 0.02125000 0.02250000
0 0.41500000 0.43437500 0.01250000 0.02625000
0 0.48375000 0.00750000 0.01500000 0.01500000
0 0.55437500 0.70000000 0.01375000 0.01750000
0 0.56875000 0.02000000 0.01250000 0.02500000
0 0.70437500 0.74625000 0.01375000 0.01250000
0 0.55937500 0.01937500 0.01375000 0.02625000
0 0.45312500 0.39750000 0.01125000 0.02750000
0 0.48250000 0.41875000 0.01250000 0.02250000
0 0.33750000 0.78125000 0.03000000 0.03750000
