0 0.01437500 0.73937500 0.01625000 0.02375000
0 0.01500000 0.76250000 0.01500000 0.01500000
0 0.04187500 0.73437500 0.01875000 0.01875000
0 0.03062500 0.76250000 0.02125000 0.02750000
0 0.21937500 0.94437500 0.01625000 0.01875000
0 0.04187500 0.94875000 0.02375000 0.03000000
0 0.06437500 0.83250000 0.01875000 0.02000000
0 0.09687500 0.90125000 0.01375000 0.02500000
0 0.09437500 0.83687500 0.01875000 0.02125000
0 0.11500000 0.88937500 0.01250000 0.01875000
0 0.21625000 0.91125000 0.01500000 0.02000000
0 0.13937500 0.89812500 0.01625000 0.02625000
0 0.14375000 0.95312500 0.01750000 0.02375000
0 0.07187500 0.73687500 0.01875000 0.02125000
0 0.07437500 0.79062500 0.01625000 0.02375000
0 0.10250000 0.73312500 0.02000000 0.02125000
0 0.13000000 0.76687500 0.01250000 0.01625000
0 0.15687500 0.86937500 0.01625000 0.01875000
0 0.10875000 0.82562500 0.01750000 0.01875000
0 0.17375000 0.86000000 0.01750000 0.01750000
0 0.02375000 0.56125000 0.01250000 0.01750000
0 0.20125000 0.95812500 0.01750000 0.01625000
0 0.00750000 0.67000000 0.01500000 0.02750000
0 0.06625000 0.69625000 0.02000000 0.02250000
0 0.19250000 0.96187500 0.02500000 0.02625000
0 0.07375000 0.69125000 0.01000000 0.01750000
0 0.09875000 0.76625000 0.01750000 0.02250000
0 0.03812500 0.57812500 0.01125000 0.01625000
0 0.08812500 0.77312500 0.01625000 0.01625000
0 0.02187500 0.59312500 0.01875000 0.02375000
0 0.02000000 0.66500000 0.01250000 0.02500000
0 0.08062500 0.68875000 0.01375000 0.02500000
0 0.07250000 0.64312500 0.01750000 0.01875000
0 0.10437500 0.71000000 0.01625000 0.01750000
0 0.15187500 0.88875000 0.01375000 0.01750000
0 0.16500000 0.94000000 0.01500000 0.02250000
0 0.17625000 0.89312500 0.01250000 0.01875000
0 0.06187500 0.76000000 0.01625000 0.02250000
0 0.13062500 0.78750000 0.01375000 0.02000000
0 0.12625000 0.74562500 0.01250000 0.01875000
0 0.12000000 0.80500000 0.01500000 0.02000000
0 0.11375000 0.85562500 0.01500000 0.01875000
0 0.12562500 0.91000000 0.01375000 0.02500000
0 0.08000000 0.87437500 0.01500000 0.02375000
0 0.18562500 0.88375000 0.01125000 0.01500000
0 0.18750000 0.93062500 0.01750000 0.02375000
0 0.16562500 0.91375000 0.01625000 0.01750000
0 0.20437500 0.92437500 0.01375000 0.01875000
0 0.09500000 0.80937500 0.01750000 0.02125000
0 0.07625000 0.80937500 0.02000000 0.02125000
0 0.09312500 0.86375000 0.02375000 0.02750000
0 0.15375000 0.82625000 0.02250000 0.02000000
0 0.04625000 0.59875000 0.01250000 0.01500000
0 0.04625000 0.62062500 0.01750000 0.02125000
0 0.08500000 0.66437500 0.01500000 0.01875000
0 0.06625000 0.67250000 0.01250000 0.01750000
0 0.01437500 0.71437500 0.01625000 0.02125000
0 0.18125000 0.96750000 0.01500000 0.02000000
0 0.00437500 0.69875000 0.00875000 0.02250000
0 0.03562500 0.69500000 0.01625000 0.02500000
0 0.02812500 0.63937500 0.01625000 0.02375000
0 0.01812500 0.64000000 0.01625000 0.02250000
0 0.14500000 0.92625000 0.01500000 0.02250000
0 0.19812500 0.90000000 0.01875000 0.01750000
0 0.13250000 0.87125000 0.01750000 0.02250000
0 0.12562500 0.87500000 0.01625000 0.01750000
0 0.05250000 0.78187500 0.02000000 0.02125000
0 0.04562500 0.78625000 0.01875000 0.02250000
