0 0.97000000 0.77312500 0.06000000 0.02375000
0 0.14625000 0.42437500 0.01750000 0.02125000
0 0.52375000 0.59062500 0.08500000 0.02375000
0 0.37937500 0.85937500 0.04625000 0.01375000
0 0.82875000 0.97687500 0.04000000 0.01875000
0 0.96187500 0.44187500 0.07125000 0.02875000
0 0.01000000 0.24125000 0.02000000 0.01250000
0 0.79812500 0.12937500 0.06625000 0.02375000
0 0.03125000 0.44500000 0.06250000 0.02500000
0 0.90250000 0.16187500 0.06250000 0.04125000
0 0.26375000 0.98750000 0.07250000 0.02500000
