0 0.04375000 0.70250000 0.01750000 0.01750000
0 0.21187500 0.95937500 0.02375000 0.02125000
0 0.01562500 0.59062500 0.00875000 0.01625000
0 0.00750000 0.30000000 0.01500000 0.03500000
0 0.03812500 0.79187500 0.01625000 0.01875000
0 0.01437500 0.07625000 0.00875000 0.02750000
0 0.09250000 0.17500000 0.00750000 0.02000000
0 0.04875000 0.12687500 0.00750000 0.01625000
0 0.06125000 0.19687500 0.01000000 0.02375000
0 0.03687500 0.36312500 0.00875000 0.02375000
0 0.08437500 0.57625000 0.00875000 0.01250000
0 0.03937500 0.83125000 0.01625000 0.01750000
0 0.07687500 0.04750000 0.01875000 0.03500000
0 0.09625000 0.74500000 0.02000000 0.02250000
0 0.04125000 0.39687500 0.01000000 0.02375000
0 0.02000000 0.46562500 0.01000000 0.02375000
0 0.23312500 0.83375000 0.01125000 0.01250000
0 0.09687500 0.19937500 0.01125000 0.01625000
0 0.01125000 0.16937500 0.01000000 0.03625000
0 0.13125000 0.12750000 0.00750000 0.01000000
0 0.11125000 0.11062500 0.00750000 0.01375000
0 0.11812500 0.15812500 0.00875000 0.01625000
0 0.07625000 0.09437500 0.01000000 0.02375000
0 0.12000000 0.14312500 0.00750000 0.01125000
0 0.03750000 0.23312500 0.01500000 0.02875000
0 0.04500000 0.23562500 0.01250000 0.02375000
0 0.05250000 0.23625000 0.01500000 0.02500000
0 0.00750000 0.86375000 0.01500000 0.02000000
0 0.01437500 0.98750000 0.01875000 0.01750000
