0 0.56437500 0.00125000 0.00625000 0.00250000
0 0.61250000 0.02000000 0.00750000 0.01500000
0 0.46687500 0.10250000 0.00875000 0.02000000
0 0.55062500 0.93375000 0.02625000 0.02250000
0 0.45562500 0.42250000 0.00875000 0.02250000
0 0.47687500 0.27375000 0.01125000 0.02250000
0 0.52875000 0.40687500 0.01500000 0.02875000
0 0.51875000 0.61062500 0.01250000 0.01875000
0 0.60062500 0.46875000 0.02375000 0.00750000
0 0.49687500 0.84250000 0.01625000 0.02250000
0 0.57687500 0.01250000 0.00875000 0.02250000
0 0.47687500 0.12625000 0.01125000 0.01500000
0 0.48312500 0.02125000 0.01375000 0.02250000
0 0.54437500 0.10750000 0.01125000 0.02000000
0 0.57312500 0.24312500 0.01375000 0.02125000
0 0.54437500 0.46625000 0.01375000 0.02500000
0 0.50937500 0.33187500 0.01375000 0.02125000
0 0.47500000 0.33500000 0.01750000 0.02750000
0 0.50125000 0.47062500 0.02000000 0.03125000
0 0.48875000 0.46875000 0.01500000 0.02750000
0 0.47125000 0.52375000 0.01250000 0.02500000
0 0.52375000 0.87562500 0.02000000 0.02125000
0 0.52375000 0.51812500 0.01500000 0.02125000
0 0.47187500 0.05000000 0.01375000 0.02750000
0 0.52625000 0.13125000 0.01000000 0.02250000
0 0.57062500 0.26250000 0.01375000 0.01500000
0 0.58937500 0.32625000 0.01125000 0.01250000
0 0.51937500 0.54187500 0.01375000 0.02125000
0 0.60125000 0.89312500 0.01750000 0.01875000
0 0.53875000 0.56437500 0.01500000 0.01875000
0 0.55312500 0.85250000 0.01375000 0.01750000
0 0.57812500 0.07437500 0.01375000 0.02125000
0 0.53625000 0.16187500 0.00750000 0.02125000
0 0.56125000 0.01625000 0.01000000 0.02000000
0 0.50125000 0.25250000 0.01250000 0.02500000
0 0.45125000 0.37750000 0.01000000 0.02500000
0 0.47625000 0.40812500 0.01000000 0.02625000
0 0.49062500 0.19625000 0.02125000 0.02750000
0 0.41500000 0.62187500 0.01250000 0.02625000
0 0.48500000 0.19125000 0.01750000 0.02250000
0 0.55437500 0.88750000 0.01375000 0.01750000
0 0.56875000 0.20750000 0.01250000 0.02500000
0 0.70437500 0.93375000 0.01375000 0.01250000
0 0.55937500 0.20687500 0.01375000 0.02625000
0 0.45312500 0.58375000 0.01125000 0.02500000
0 0.48250000 0.60625000 0.01250000 0.02250000
0 0.33750000 0.96812500 0.03000000 0.03625000
