0 0.01000000 0.05000000 0.02000000 0.01750000
0 0.30312500 0.08687500 0.01625000 0.01625000
0 0.12500000 0.00500000 0.01500000 0.01000000
0 0.23437500 0.06250000 0.01625000 0.01750000
0 0.19125000 0.03062500 0.01750000 0.02125000
0 0.13937500 0.19000000 0.03375000 0.02500000
0 0.25812500 0.05250000 0.01375000 0.01500000
0 0.27687500 0.11000000 0.02125000 0.02250000
0 0.03875000 0.10187500 0.02000000 0.01125000
0 0.34187500 0.13562500 0.02125000 0.02125000
0 0.27562500 0.06812500 0.02125000 0.02125000
0 0.37750000 0.15687500 0.02000000 0.01875000
0 0.21437500 0.01125000 0.01125000 0.01250000
0 0.41062500 0.17125000 0.01625000 0.01750000
0 0.46625000 0.23250000 0.01750000 0.02000000
0 0.15562500 0.01562500 0.02125000 0.02375000
0 0.16125000 0.01125000 0.02250000 0.02250000
0 0.15437500 0.02687500 0.01625000 0.01625000
0 0.19187500 0.05937500 0.01875000 0.01375000
