0 0.83250000 0.93625000 0.04250000 0.01000000
0 0.86187500 0.69125000 0.02875000 0.01500000
0 0.92687500 0.96250000 0.03375000 0.00750000
0 0.49875000 0.97125000 0.03500000 0.01000000
0 0.79875000 0.80812500 0.03750000 0.01125000
0 0.77562500 0.95875000 0.03875000 0.00750000
0 0.76750000 0.88375000 0.04000000 0.01250000
0 0.82625000 0.99000000 0.03500000 0.01250000
0 0.25125000 0.27625000 0.08250000 0.02000000
0 0.51000000 0.86937500 0.02750000 0.01625000
0 0.37812500 0.99812500 0.03125000 0.00375000
0 0.29875000 0.91437500 0.04000000 0.00625000
0 0.66562500 0.86562500 0.02875000 0.00875000
0 0.67562500 0.95312500 0.03375000 0.01125000
0 0.44937500 0.83625000 0.03375000 0.01250000
0 0.51625000 0.90750000 0.04000000 0.00750000
0 0.14125000 0.95625000 0.03500000 0.01250000
0 0.25187500 0.98375000 0.04375000 0.01500000
0 0.59187500 0.92812500 0.03625000 0.00875000
0 0.37062500 0.89937500 0.03125000 0.02125000
0 0.44000000 0.97062500 0.02500000 0.00875000
0 0.60562500 0.97875000 0.01875000 0.01000000
0 0.21437500 0.86875000 0.02125000 0.01250000
0 0.19562500 0.96250000 0.02125000 0.01250000
0 0.52687500 0.99437500 0.02875000 0.01125000
