0 0.79375000 0.70250000 0.01750000 0.01750000
0 0.96187500 0.95937500 0.02375000 0.02125000
0 0.76562500 0.59062500 0.00875000 0.01625000
0 0.75687500 0.30000000 0.01625000 0.03500000
0 0.74062500 0.38000000 0.00875000 0.03250000
0 0.67875000 0.56375000 0.00750000 0.02000000
0 0.78812500 0.79187500 0.01625000 0.01875000
0 0.74000000 0.81500000 0.01750000 0.01500000
0 0.64375000 0.17125000 0.00750000 0.01500000
0 0.59375000 0.84125000 0.02750000 0.03500000
0 0.72000000 0.25000000 0.01000000 0.02250000
0 0.76437500 0.07625000 0.00875000 0.02750000
0 0.71937500 0.09937500 0.00875000 0.02625000
0 0.84250000 0.17500000 0.00750000 0.02000000
0 0.79875000 0.12687500 0.00750000 0.01625000
0 0.81125000 0.19687500 0.01000000 0.02375000
0 0.68437500 0.59062500 0.01125000 0.01875000
0 0.78687500 0.36312500 0.00875000 0.02375000
0 0.83437500 0.57625000 0.00875000 0.01250000
0 0.78937500 0.83125000 0.01625000 0.01750000
0 0.82687500 0.04750000 0.01875000 0.03500000
0 0.84625000 0.74500000 0.02000000 0.02250000
0 0.79125000 0.39687500 0.01000000 0.02375000
0 0.72625000 0.68875000 0.01500000 0.02500000
0 0.77000000 0.46562500 0.01000000 0.02375000
0 0.71375000 0.74312500 0.02000000 0.00625000
0 0.98312500 0.83375000 0.01125000 0.01250000
0 0.72437500 0.16812500 0.00875000 0.01625000
0 0.84687500 0.19937500 0.01125000 0.01625000
0 0.76125000 0.16937500 0.01000000 0.03625000
0 0.88125000 0.12750000 0.00750000 0.01000000
0 0.63875000 0.17187500 0.00750000 0.02625000
0 0.86125000 0.11062500 0.00750000 0.01375000
0 0.86812500 0.15812500 0.00875000 0.01625000
0 0.82625000 0.09437500 0.01000000 0.02375000
0 0.87000000 0.14312500 0.00750000 0.01125000
0 0.75750000 0.86312500 0.01750000 0.02125000
0 0.76375000 0.98687500 0.01750000 0.01625000
0 0.78750000 0.23312500 0.01500000 0.02875000
0 0.79500000 0.23437500 0.01000000 0.02375000
0 0.80187500 0.23562500 0.01375000 0.02625000
0 0.67562500 0.48812500 0.01125000 0.02125000
0 0.66875000 0.44437500 0.01000000 0.01625000
0 0.75187500 0.01062500 0.02875000 0.02125000
