0 0.60750000 0.25875000 0.02500000 0.02750000
0 0.44000000 0.74687500 0.01000000 0.01875000
0 0.65750000 0.34000000 0.01750000 0.01750000
0 0.34750000 0.65812500 0.01750000 0.02125000
0 0.69812500 0.35750000 0.02125000 0.02250000
0 0.45125000 0.45625000 0.03250000 0.04500000
0 0.63437500 0.22500000 0.02125000 0.02000000
0 0.49500000 0.39562500 0.04250000 0.05125000
0 0.64187500 0.22875000 0.01875000 0.02000000
0 0.52187500 0.34687500 0.01625000 0.01625000
0 0.65437500 0.20312500 0.02125000 0.02125000
0 0.70062500 0.17625000 0.03625000 0.03250000
0 0.56562500 0.30625000 0.04375000 0.05000000
0 0.75687500 0.12375000 0.04375000 0.03250000
0 0.60312500 0.40812500 0.01875000 0.02125000
0 0.89375000 0.04250000 0.03000000 0.01750000
0 0.95937500 0.01375000 0.04375000 0.02750000
