0 0.06312500 0.99687500 0.01625000 0.00625000
0 0.00750000 0.94312500 0.01500000 0.01625000
0 0.05500000 0.99937500 0.00500000 0.00125000
0 0.03750000 0.97875000 0.01750000 0.01250000
0 0.00625000 0.90562500 0.01250000 0.01375000
0 0.05750000 0.92625000 0.02000000 0.01500000
0 0.03562500 0.94562500 0.02125000 0.01625000
0 0.25125000 0.97000000 0.02000000 0.01750000
0 0.03687500 0.95312500 0.01625000 0.01375000
0 0.16750000 0.90500000 0.01750000 0.01750000
0 0.17062500 0.87812500 0.01625000 0.01375000
0 0.00687500 0.92937500 0.01375000 0.01625000
0 0.15625000 0.99562500 0.01250000 0.00875000
0 0.03437500 0.98375000 0.01125000 0.00750000
0 0.30062500 0.97750000 0.01875000 0.01250000
0 0.21875000 0.91500000 0.02000000 0.02250000
0 0.21125000 0.92875000 0.01500000 0.01500000
0 0.29250000 0.96312500 0.01500000 0.01625000
0 0.06500000 0.71062500 0.03500000 0.03875000
0 0.27000000 0.99500000 0.01500000 0.01000000
0 0.00937500 0.95812500 0.01625000 0.01875000
0 0.03625000 0.67500000 0.02500000 0.02750000
0 0.26062500 0.96625000 0.02125000 0.01750000
0 0.15437500 0.88937500 0.01875000 0.01875000
0 0.20250000 0.93687500 0.02000000 0.02125000
0 0.19187500 0.94125000 0.00875000 0.02000000
