0 0.71437500 0.85312500 0.01625000 0.02125000
0 0.75687500 0.88187500 0.01375000 0.01625000
0 0.03937500 0.03375000 0.06375000 0.03500000
0 0.46125000 0.31000000 0.04000000 0.04000000
0 0.56312500 0.47562500 0.03375000 0.05125000
0 0.49375000 0.36062500 0.04000000 0.05375000
0 0.59437500 0.52750000 0.04125000 0.05500000
0 0.74812500 0.90062500 0.01375000 0.01625000
0 0.10312500 0.05500000 0.06125000 0.03500000
0 0.35312500 0.39437500 0.02125000 0.02375000
0 0.63250000 0.59875000 0.03250000 0.05500000
0 0.32125000 0.42312500 0.01500000 0.01625000
0 0.44750000 0.56875000 0.02000000 0.02250000
0 0.47875000 0.67500000 0.01500000 0.01750000
0 0.58562500 0.72812500 0.01125000 0.02375000
0 0.56500000 0.74125000 0.01750000 0.02000000
0 0.57750000 0.77000000 0.01750000 0.02500000
0 0.57312500 0.88187500 0.01125000 0.01625000
0 0.52437500 0.76562500 0.01375000 0.01625000
0 0.59187500 0.89187500 0.01125000 0.01625000
0 0.86375000 0.99250000 0.01250000 0.01500000
0 0.47187500 0.67875000 0.01625000 0.01750000
0 0.54062500 0.72187500 0.01375000 0.01625000
0 0.49812500 0.67375000 0.01625000 0.01500000
0 0.52625000 0.73500000 0.01750000 0.02000000
0 0.57687500 0.79437500 0.01375000 0.01625000
0 0.63000000 0.86125000 0.00750000 0.01500000
0 0.58125000 0.82562500 0.01500000 0.02125000
0 0.64062500 0.88000000 0.01375000 0.02250000
0 0.77875000 0.90375000 0.01000000 0.01750000
0 0.79125000 0.94000000 0.01250000 0.02000000
0 0.17437500 0.09312500 0.05375000 0.03875000
0 0.23687500 0.12875000 0.05625000 0.04000000
0 0.11687500 0.24937500 0.01875000 0.01625000
0 0.44375000 0.60437500 0.01750000 0.01875000
0 0.00625000 0.16375000 0.01250000 0.01000000
0 0.46812500 0.63500000 0.01375000 0.02000000
0 0.73562500 0.94562500 0.01625000 0.02125000
0 0.80562500 0.96750000 0.01125000 0.01750000
0 0.34812500 0.20312500 0.04875000 0.03875000
0 0.41750000 0.26250000 0.05000000 0.05000000
0 0.46062500 0.63750000 0.01375000 0.01750000
0 0.52937500 0.42125000 0.04125000 0.06250000
0 0.48125000 0.64875000 0.01250000 0.01750000
0 0.37937500 0.50125000 0.01625000 0.01250000
0 0.37062500 0.51500000 0.01375000 0.01500000
0 0.50812500 0.71625000 0.01375000 0.01500000
0 0.62000000 0.80562500 0.01750000 0.02625000
0 0.60562500 0.86562500 0.01125000 0.02375000
0 0.66812500 0.73875000 0.02375000 0.01000000
0 0.61500000 0.91250000 0.01250000 0.02250000
0 0.40625000 0.55625000 0.01500000 0.01000000
0 0.50187500 0.71687500 0.01125000 0.01875000
0 0.49812500 0.69812500 0.01875000 0.01875000
0 0.61250000 0.75250000 0.01500000 0.03000000
0 0.58937500 0.87375000 0.00875000 0.01750000
0 0.62812500 0.93187500 0.01375000 0.02375000
0 0.64062500 0.91500000 0.01375000 0.02000000
0 0.74062500 0.98562500 0.01375000 0.02375000
0 0.80812500 0.99250000 0.00875000 0.01500000
0 0.69812500 0.71187500 0.03625000 0.05625000
0 0.30125000 0.16562500 0.04250000 0.03125000
0 0.39312500 0.51750000 0.01625000 0.02000000
0 0.34312500 0.45125000 0.01875000 0.01750000
0 0.33500000 0.45562500 0.01500000 0.01375000
