0 0.25625000 0.36312500 0.01250000 0.02625000
0 0.07625000 0.63750000 0.02750000 0.03000000
0 0.43500000 0.48625000 0.01000000 0.02500000
0 0.35437500 0.54625000 0.01875000 0.01750000
0 0.70000000 0.70750000 0.01500000 0.02500000
0 0.11500000 0.65250000 0.02250000 0.02500000
0 0.12687500 0.64875000 0.02125000 0.02500000
0 0.45812500 0.59375000 0.01875000 0.01500000
0 0.20062500 0.75687500 0.02375000 0.01625000
0 0.70375000 0.47500000 0.01250000 0.02000000
0 0.25062500 0.85937500 0.01375000 0.02375000
0 0.05062500 0.80312500 0.03625000 0.02875000
0 0.65000000 0.50562500 0.00750000 0.01375000
0 0.35500000 0.93375000 0.01000000 0.01750000
0 0.67250000 0.55937500 0.01000000 0.01125000
0 0.92750000 0.75375000 0.01000000 0.01250000
0 0.16750000 0.73375000 0.02750000 0.01250000
0 0.58312500 0.41000000 0.01375000 0.02250000
0 0.64125000 0.82375000 0.01250000 0.02750000
0 0.63312500 0.82687500 0.01625000 0.02375000
