0 0.60375000 0.35250000 0.01750000 0.02000000
0 0.64937500 0.61250000 0.01375000 0.02000000
0 0.51937500 0.31250000 0.01625000 0.01500000
0 0.48937500 0.29187500 0.02375000 0.02125000
0 0.56187500 0.27062500 0.01625000 0.01875000
0 0.81312500 0.99687500 0.01625000 0.00625000
0 0.66250000 0.56000000 0.01750000 0.01750000
0 0.49437500 0.40250000 0.03125000 0.01500000
0 0.66937500 0.62375000 0.01375000 0.01750000
0 0.40562500 0.39750000 0.03625000 0.01250000
0 0.67312500 0.54687500 0.01375000 0.01875000
0 0.31750000 0.00437500 0.01000000 0.00875000
0 0.69875000 0.93625000 0.02250000 0.02250000
0 0.56312500 0.29500000 0.01625000 0.01750000
0 0.75625000 0.94312500 0.01750000 0.01625000
0 0.49437500 0.22437500 0.01875000 0.02375000
0 0.62000000 0.56437500 0.01000000 0.01875000
0 0.54187500 0.29125000 0.01375000 0.01750000
0 0.58062500 0.45312500 0.01875000 0.02125000
0 0.66125000 0.58500000 0.01750000 0.01750000
0 0.64125000 0.57937500 0.02000000 0.02625000
0 0.40000000 0.03625000 0.01750000 0.02250000
0 0.67812500 0.57437500 0.01625000 0.01875000
0 0.78750000 0.97875000 0.01750000 0.01250000
0 0.69875000 0.60625000 0.02250000 0.02250000
0 0.52187500 0.38187500 0.01375000 0.01625000
0 0.62375000 0.52000000 0.02000000 0.02500000
0 0.53125000 0.36562500 0.02500000 0.02375000
0 0.61750000 0.52375000 0.01750000 0.02250000
0 0.49437500 0.31812500 0.02125000 0.02125000
0 0.50375000 0.28687500 0.01000000 0.01875000
0 0.58312500 0.30437500 0.01125000 0.01125000
0 0.72750000 0.61500000 0.01500000 0.01750000
0 0.75375000 0.90562500 0.01750000 0.01375000
0 0.80750000 0.92625000 0.02000000 0.01500000
0 0.56687500 0.43562500 0.01375000 0.02125000
0 0.45375000 0.14000000 0.01500000 0.02500000
0 0.35437500 0.07125000 0.01625000 0.02000000
0 0.55937500 0.44375000 0.01875000 0.02000000
0 0.50437500 0.17062500 0.00625000 0.01375000
0 0.37625000 0.00562500 0.01750000 0.01125000
0 0.36937500 0.08750000 0.01625000 0.02500000
0 0.78562500 0.94562500 0.02125000 0.01625000
0 0.99562500 0.96750000 0.00875000 0.01250000
0 0.78687500 0.95312500 0.01625000 0.01375000
0 0.53000000 0.32875000 0.01500000 0.01750000
0 0.32937500 0.04000000 0.01125000 0.01500000
0 0.50562500 0.34812500 0.01875000 0.01875000
0 0.42250000 0.10562500 0.01250000 0.01875000
0 0.70437500 0.57625000 0.01375000 0.02250000
0 0.70875000 0.90687500 0.02000000 0.01125000
0 0.66812500 0.52375000 0.01625000 0.01750000
0 0.72937500 0.92750000 0.02125000 0.01500000
0 0.63437500 0.41375000 0.01375000 0.01750000
0 0.46500000 0.26625000 0.02500000 0.02500000
0 0.59312500 0.50500000 0.01125000 0.02000000
0 0.39375000 0.14437500 0.01500000 0.02125000
0 0.64125000 0.43250000 0.01500000 0.01750000
0 0.44625000 0.23937500 0.02000000 0.02375000
0 0.58250000 0.50312500 0.01250000 0.01875000
0 0.41687500 0.17875000 0.01375000 0.02250000
0 0.91750000 0.90500000 0.01750000 0.01750000
0 0.92062500 0.87812500 0.01625000 0.01375000
0 0.35312500 0.05000000 0.02125000 0.02250000
0 0.52125000 0.20750000 0.01750000 0.01750000
0 0.75562500 0.92937500 0.01625000 0.01625000
0 0.90625000 0.99562500 0.01250000 0.00875000
0 0.61812500 0.45812500 0.02125000 0.01875000
0 0.53687500 0.30437500 0.00875000 0.01625000
0 0.62250000 0.38250000 0.01750000 0.02000000
0 0.47750000 0.25437500 0.01250000 0.02125000
0 0.70312500 0.54625000 0.01375000 0.02000000
0 0.78437500 0.98375000 0.01125000 0.00750000
0 0.69062500 0.61062500 0.02125000 0.02125000
0 0.72937500 0.59687500 0.01125000 0.01875000
0 0.54500000 0.39812500 0.01500000 0.01625000
0 0.61125000 0.52812500 0.01750000 0.02125000
0 0.55125000 0.39312500 0.01750000 0.01875000
0 0.63750000 0.54375000 0.01500000 0.01750000
0 0.96875000 0.91500000 0.02000000 0.02250000
0 0.52062500 0.24000000 0.01875000 0.02000000
0 0.96125000 0.92875000 0.01500000 0.01500000
0 0.46375000 0.23437500 0.02250000 0.02375000
0 0.37937500 0.04312500 0.01125000 0.01625000
0 0.57687500 0.36312500 0.01625000 0.01875000
0 0.54062500 0.23125000 0.01875000 0.02000000
0 0.60125000 0.36750000 0.01750000 0.02000000
0 0.53812500 0.24937500 0.01125000 0.01375000
0 0.72062500 0.56375000 0.01375000 0.01750000
0 0.69250000 0.56375000 0.01500000 0.02000000
0 0.35187500 0.00937500 0.02125000 0.01875000
0 0.63125000 0.54875000 0.01500000 0.02000000
0 0.66500000 0.60500000 0.01000000 0.01750000
0 0.66875000 0.48562500 0.01500000 0.01875000
0 0.51312500 0.34375000 0.01625000 0.01750000
0 0.47312500 0.08437500 0.02125000 0.02625000
0 0.36625000 0.14437500 0.02000000 0.02375000
0 0.55312500 0.37125000 0.01625000 0.01500000
0 0.47812500 0.13562500 0.01125000 0.02125000
0 0.48437500 0.57625000 0.02875000 0.04500000
0 0.71250000 0.95187500 0.00750000 0.02125000
0 0.60000000 0.43812500 0.01500000 0.01625000
0 0.45500000 0.20500000 0.01750000 0.02250000
0 0.68937500 0.53250000 0.00875000 0.01750000
0 0.42812500 0.20062500 0.01875000 0.03125000
0 0.58687500 0.43187500 0.01375000 0.01875000
0 0.68312500 0.53687500 0.00875000 0.01625000
0 0.45562500 0.16250000 0.01625000 0.02250000
0 0.33937500 0.02250000 0.01375000 0.02000000
0 0.42375000 0.07625000 0.01500000 0.03000000
0 0.49937500 0.20687500 0.01375000 0.02375000
0 0.55937500 0.36687500 0.01375000 0.01375000
0 0.39812500 0.09937500 0.01625000 0.02125000
0 0.61812500 0.82125000 0.01625000 0.03000000
0 0.72062500 0.96000000 0.00875000 0.02000000
0 0.72062500 0.89562500 0.02625000 0.01875000
0 0.75937500 0.95812500 0.01625000 0.01875000
0 0.62000000 0.47937500 0.01500000 0.01625000
0 0.41500000 0.13187500 0.01750000 0.02375000
0 0.65437500 0.52812500 0.01375000 0.01875000
0 0.54562500 0.41812500 0.01875000 0.02125000
0 0.63312500 0.47375000 0.01625000 0.01500000
0 0.38750000 0.06937500 0.01750000 0.02125000
0 0.59187500 0.76187500 0.01875000 0.02375000
0 0.78625000 0.67500000 0.02500000 0.02750000
0 0.29687500 0.00500000 0.01375000 0.01000000
0 0.59375000 0.48250000 0.01750000 0.02000000
0 0.57812500 0.47562500 0.01375000 0.01875000
0 0.68000000 0.93000000 0.01000000 0.01500000
0 0.90312500 0.89000000 0.01875000 0.02000000
0 0.81500000 0.70875000 0.03250000 0.03500000
0 0.81562500 0.72312500 0.01625000 0.01625000
0 0.95125000 0.93750000 0.02000000 0.02000000
0 0.94125000 0.94125000 0.01250000 0.01750000
0 0.42812500 0.16000000 0.01875000 0.02000000
0 0.42125000 0.16562500 0.01750000 0.01875000
0 0.51437500 0.28625000 0.01625000 0.01750000
0 0.52687500 0.27500000 0.01625000 0.02000000
0 0.52000000 0.28062500 0.01500000 0.01875000
0 0.67562500 0.50687500 0.01875000 0.01875000
0 0.66187500 0.50500000 0.01375000 0.01500000
0 0.64750000 0.50812500 0.01500000 0.02125000
0 0.63937500 0.51062500 0.01625000 0.02125000
0 0.63437500 0.51437500 0.01375000 0.01875000
0 0.60937500 0.40437500 0.01375000 0.01875000
0 0.60437500 0.40875000 0.01125000 0.01250000
0 0.59687500 0.40875000 0.01375000 0.01750000
0 0.59000000 0.41187500 0.01500000 0.01875000
0 0.58625000 0.41687500 0.01750000 0.01875000
0 0.62187500 0.44000000 0.01375000 0.01750000
0 0.64437500 0.47250000 0.01875000 0.01750000
0 0.65062500 0.46687500 0.01625000 0.01625000
0 0.65687500 0.46437500 0.01375000 0.01375000
0 0.66250000 0.46187500 0.01250000 0.01125000
0 0.54250000 0.33500000 0.01250000 0.02250000
0 0.55250000 0.33750000 0.01250000 0.03000000
0 0.56000000 0.33562500 0.01250000 0.02625000
0 0.56937500 0.33562500 0.00875000 0.02375000
0 0.57875000 0.33437500 0.01250000 0.02125000
0 0.46812500 0.20125000 0.01875000 0.01750000
0 0.47562500 0.19750000 0.01875000 0.02000000
0 0.48625000 0.19437500 0.01750000 0.01875000
0 0.49312500 0.18812500 0.01625000 0.01625000
