0 0.22687500 0.77312500 0.07375000 0.02375000
0 0.70000000 0.26937500 0.02000000 0.01125000
0 0.90187500 0.58062500 0.07875000 0.03125000
0 0.59875000 0.94687500 0.08500000 0.03125000
0 0.07875000 0.97687500 0.04000000 0.01875000
0 0.27562500 0.95062500 0.06875000 0.03375000
0 0.94500000 0.71437500 0.03000000 0.01625000
0 0.21187500 0.44187500 0.07125000 0.02875000
0 0.90125000 0.77062500 0.02250000 0.01875000
0 0.68375000 0.25812500 0.08250000 0.02875000
0 0.68125000 0.75312500 0.07250000 0.02625000
0 0.04812500 0.12937500 0.06625000 0.02375000
0 0.15250000 0.16187500 0.06250000 0.04125000
