0 0.01625000 0.00062500 0.00750000 0.00125000
0 0.01500000 0.01250000 0.01500000 0.01500000
0 0.03062500 0.01312500 0.02125000 0.02625000
0 0.21937500 0.19437500 0.01625000 0.01875000
0 0.04187500 0.19875000 0.02375000 0.03000000
0 0.23625000 0.59375000 0.01000000 0.02000000
0 0.06437500 0.08250000 0.01875000 0.02000000
0 0.09687500 0.15125000 0.01375000 0.02500000
0 0.09437500 0.08687500 0.01875000 0.02125000
0 0.11500000 0.13937500 0.01250000 0.01875000
0 0.21625000 0.16125000 0.01500000 0.02000000
0 0.13937500 0.14812500 0.01625000 0.02625000
0 0.14375000 0.20312500 0.01750000 0.02375000
0 0.07437500 0.04062500 0.01625000 0.02375000
0 0.13000000 0.01687500 0.01250000 0.01625000
0 0.03500000 0.27875000 0.03500000 0.05500000
0 0.24500000 0.61187500 0.02500000 0.01125000
0 0.11562500 0.40000000 0.03375000 0.05250000
0 0.49375000 0.55687500 0.01500000 0.01625000
0 0.15687500 0.11937500 0.01625000 0.01875000
0 0.10875000 0.07562500 0.01750000 0.01875000
0 0.17375000 0.11000000 0.01750000 0.01750000
0 0.65437500 0.69125000 0.02375000 0.01750000
0 0.66562500 0.71500000 0.02375000 0.01500000
0 0.20125000 0.20812500 0.01750000 0.01625000
0 0.39437500 0.70125000 0.03375000 0.02250000
0 0.19250000 0.21187500 0.02500000 0.02625000
0 0.72437500 0.75000000 0.02125000 0.01500000
0 0.09875000 0.01625000 0.01750000 0.02250000
0 0.08812500 0.02312500 0.01625000 0.01625000
0 0.38687500 0.40312500 0.03875000 0.03375000
0 0.19875000 0.57062500 0.01000000 0.01875000
0 0.42187500 0.49250000 0.02125000 0.02250000
0 0.22187500 0.53812500 0.01375000 0.01375000
0 0.15187500 0.13875000 0.01375000 0.01750000
0 0.16500000 0.19000000 0.01500000 0.02250000
0 0.17625000 0.14312500 0.01250000 0.01875000
0 0.06187500 0.01062500 0.01625000 0.02125000
0 0.13062500 0.03750000 0.01375000 0.02000000
0 0.12750000 0.00250000 0.01000000 0.00500000
0 0.12000000 0.05500000 0.01500000 0.02000000
0 0.13437500 0.46062500 0.02375000 0.03625000
0 0.53312500 0.57625000 0.01625000 0.01750000
0 0.14750000 0.46375000 0.01500000 0.01750000
0 0.47000000 0.61687500 0.00750000 0.01125000
0 0.11375000 0.10562500 0.01500000 0.01875000
0 0.12562500 0.16000000 0.01375000 0.02500000
0 0.08000000 0.12437500 0.01500000 0.02375000
0 0.18562500 0.13375000 0.01125000 0.01500000
0 0.18750000 0.18062500 0.01750000 0.02375000
0 0.16562500 0.16375000 0.01625000 0.01750000
0 0.20437500 0.17437500 0.01375000 0.01875000
0 0.09500000 0.05937500 0.01750000 0.02125000
0 0.07625000 0.05937500 0.02000000 0.02125000
0 0.18562500 0.55500000 0.01375000 0.02750000
0 0.52937500 0.59687500 0.01625000 0.01625000
0 0.30062500 0.31312500 0.02625000 0.02875000
0 0.54437500 0.62562500 0.01875000 0.01875000
0 0.09312500 0.11375000 0.02375000 0.02750000
0 0.13000000 0.12062500 0.02500000 0.02625000
0 0.76125000 0.76562500 0.02000000 0.01125000
0 0.15375000 0.07625000 0.02250000 0.02000000
0 0.98562500 0.98562500 0.01875000 0.00875000
0 0.04875000 0.03437500 0.02250000 0.02625000
0 0.40437500 0.49687500 0.02375000 0.02375000
0 0.32437500 0.33750000 0.01625000 0.01500000
0 0.46000000 0.54125000 0.02000000 0.02250000
0 0.31812500 0.34250000 0.01875000 0.01750000
0 0.95125000 0.78875000 0.01250000 0.00500000
0 0.97250000 0.78250000 0.01250000 0.00500000
0 0.18125000 0.21750000 0.01500000 0.02000000
0 0.59375000 0.65437500 0.02500000 0.02375000
0 0.33812500 0.35437500 0.01625000 0.01875000
0 0.58937500 0.66500000 0.02125000 0.02250000
0 0.35375000 0.36687500 0.01250000 0.01375000
0 0.14500000 0.17562500 0.01500000 0.02125000
0 0.19812500 0.15062500 0.01875000 0.01875000
0 0.36625000 0.38062500 0.01750000 0.01625000
0 0.79562500 0.75562500 0.02125000 0.01125000
