0 0.29062500 0.82125000 0.03125000 0.01500000
0 0.34937500 0.80062500 0.03125000 0.01375000
0 0.84562500 0.75625000 0.02875000 0.01000000
0 0.64812500 0.63562500 0.03625000 0.01125000
0 0.92937500 0.43250000 0.02625000 0.01500000
0 0.52500000 0.64812500 0.04500000 0.01375000
0 0.40812500 0.77375000 0.04125000 0.01250000
0 0.62437500 0.74812500 0.03125000 0.00625000
0 0.69750000 0.77562500 0.02750000 0.01375000
0 0.74937500 0.84312500 0.02875000 0.01375000
0 0.47625000 0.85937500 0.02250000 0.00875000
0 0.67562500 0.82187500 0.01875000 0.01125000
0 0.51187500 0.93625000 0.02875000 0.01000000
0 0.63562500 0.95250000 0.01875000 0.01000000
0 0.65875000 0.96562500 0.01000000 0.00875000
0 0.42687500 0.81937500 0.02875000 0.01375000
0 0.12250000 0.84875000 0.01500000 0.01750000
0 0.75750000 0.91500000 0.02000000 0.01250000
0 0.65312500 0.99000000 0.02125000 0.00750000
0 0.96187500 0.45187500 0.01375000 0.01625000
0 0.47750000 0.71875000 0.03250000 0.01750000
0 0.84937500 0.56375000 0.02125000 0.02250000
0 0.16562500 0.16812500 0.07125000 0.02625000
0 0.72937500 0.68250000 0.03125000 0.01000000
0 0.55187500 0.77437500 0.03625000 0.01375000
0 0.75500000 0.68625000 0.02500000 0.01000000
0 0.60000000 0.81562500 0.03750000 0.01125000
0 0.98625000 0.59750000 0.02750000 0.01250000
0 0.19312500 0.78312500 0.02125000 0.01875000
0 0.98250000 0.63625000 0.02750000 0.01250000
0 0.23437500 0.77437500 0.02375000 0.01875000
0 0.62937500 0.71687500 0.02375000 0.00625000
0 0.55500000 0.83812500 0.02500000 0.00875000
0 0.76312500 0.72750000 0.03125000 0.01250000
0 0.77625000 0.79625000 0.02500000 0.01250000
0 0.33500000 0.97250000 0.03500000 0.03000000
0 0.32875000 0.96562500 0.03000000 0.02625000
0 0.30187500 0.84812500 0.02875000 0.01375000
0 0.77312500 0.95000000 0.01875000 0.01000000
0 0.23625000 0.86750000 0.03250000 0.01750000
0 0.75625000 0.96000000 0.02250000 0.01000000
0 0.20312500 0.98062500 0.01125000 0.03625000
0 0.90625000 0.11312500 0.06000000 0.03125000
0 0.91562500 0.12187500 0.02375000 0.02125000
0 0.36062500 0.86187500 0.03125000 0.00875000
0 0.41437500 0.90125000 0.02375000 0.01500000
0 0.75437500 0.97750000 0.01625000 0.01000000
0 0.19500000 0.97687500 0.01000000 0.03375000
0 0.50687500 0.17875000 0.07125000 0.03000000
0 0.52562500 0.18687500 0.02375000 0.01125000
0 0.86375000 0.65812500 0.02750000 0.01125000
0 0.92062500 0.65062500 0.02875000 0.01125000
