0 0.76437500 0.73937500 0.01625000 0.02375000
0 0.76500000 0.76250000 0.01500000 0.01500000
0 0.79187500 0.73437500 0.01875000 0.01875000
0 0.78062500 0.76250000 0.02125000 0.02750000
0 0.96937500 0.94437500 0.01625000 0.01875000
0 0.46375000 0.19187500 0.01750000 0.01625000
0 0.53812500 0.33687500 0.01875000 0.02125000
0 0.65875000 0.50750000 0.01500000 0.02000000
0 0.79187500 0.94875000 0.02375000 0.03000000
0 0.64187500 0.46000000 0.02125000 0.02250000
0 0.69000000 0.51187500 0.01500000 0.01875000
0 0.81437500 0.83250000 0.01875000 0.02000000
0 0.84687500 0.90125000 0.01375000 0.02500000
0 0.84437500 0.83687500 0.01875000 0.02125000
0 0.86500000 0.88937500 0.01250000 0.01875000
0 0.55500000 0.31312500 0.02250000 0.02125000
0 0.48687500 0.45062500 0.01625000 0.01625000
0 0.96625000 0.91125000 0.01500000 0.02000000
0 0.61500000 0.40125000 0.01250000 0.02000000
0 0.88937500 0.89812500 0.01625000 0.02625000
0 0.57187500 0.35750000 0.01625000 0.01750000
0 0.89375000 0.95312500 0.01750000 0.02375000
0 0.60375000 0.42750000 0.01250000 0.02000000
0 0.82187500 0.73687500 0.01875000 0.02125000
0 0.82437500 0.79062500 0.01625000 0.02375000
0 0.85250000 0.73312500 0.02000000 0.02125000
0 0.88000000 0.76687500 0.01250000 0.01625000
0 0.66500000 0.45187500 0.02000000 0.02625000
0 0.65062500 0.52500000 0.01875000 0.02250000
0 0.61937500 0.47375000 0.02125000 0.02000000
0 0.45437500 0.21562500 0.01875000 0.01875000
0 0.54500000 0.27750000 0.01500000 0.01750000
0 0.90687500 0.86937500 0.01625000 0.01875000
0 0.85875000 0.82562500 0.01750000 0.01875000
0 0.92375000 0.86000000 0.01750000 0.01750000
0 0.73875000 0.54812500 0.02500000 0.02875000
0 0.74375000 0.48625000 0.02000000 0.02000000
0 0.74187500 0.62187500 0.01625000 0.01625000
0 0.65500000 0.57687500 0.01500000 0.01875000
0 0.74187500 0.46937500 0.01625000 0.01375000
0 0.77375000 0.56125000 0.01250000 0.01750000
0 0.95125000 0.95812500 0.01750000 0.01625000
0 0.75375000 0.67000000 0.02250000 0.02750000
0 0.81625000 0.69625000 0.02000000 0.02250000
0 0.94250000 0.96187500 0.02500000 0.02625000
0 0.46250000 0.27000000 0.02500000 0.02500000
0 0.49187500 0.38125000 0.01375000 0.02000000
0 0.82375000 0.69125000 0.01000000 0.01750000
0 0.65937500 0.60375000 0.01875000 0.02250000
0 0.84875000 0.76625000 0.01750000 0.02250000
0 0.78812500 0.57812500 0.01125000 0.01625000
0 0.58937500 0.33250000 0.01875000 0.02500000
0 0.69437500 0.59562500 0.02375000 0.02875000
0 0.83812500 0.77312500 0.01625000 0.01625000
0 0.77187500 0.59312500 0.01875000 0.02375000
0 0.77000000 0.66500000 0.01250000 0.02500000
0 0.83062500 0.68875000 0.01375000 0.02500000
0 0.82250000 0.64312500 0.01750000 0.01875000
0 0.85437500 0.71000000 0.01625000 0.01750000
0 0.90187500 0.88875000 0.01375000 0.01750000
0 0.59062500 0.36000000 0.01375000 0.02000000
0 0.91500000 0.94000000 0.01500000 0.02250000
0 0.59875000 0.44187500 0.01750000 0.02375000
0 0.92625000 0.89312500 0.01250000 0.01875000
0 0.40937500 0.17500000 0.02125000 0.02000000
0 0.59625000 0.31687500 0.01500000 0.01875000
0 0.62000000 0.43875000 0.01500000 0.02500000
0 0.81187500 0.76000000 0.01625000 0.02250000
0 0.88062500 0.78750000 0.01375000 0.02000000
0 0.87625000 0.74562500 0.01250000 0.01875000
0 0.87000000 0.80500000 0.01500000 0.02000000
0 0.61250000 0.49500000 0.02000000 0.02750000
0 0.67687500 0.53312500 0.02375000 0.02875000
0 0.63875000 0.49937500 0.02000000 0.02375000
0 0.65812500 0.55562500 0.01875000 0.02375000
0 0.86375000 0.85562500 0.01500000 0.01875000
0 0.87562500 0.91000000 0.01375000 0.02500000
0 0.83000000 0.87437500 0.01500000 0.02375000
0 0.93562500 0.88375000 0.01125000 0.01500000
0 0.58687500 0.37562500 0.01875000 0.01875000
0 0.93750000 0.93062500 0.01750000 0.02375000
0 0.63750000 0.41812500 0.02000000 0.02375000
0 0.91562500 0.91375000 0.01625000 0.01750000
0 0.62625000 0.37500000 0.01250000 0.02000000
0 0.95437500 0.92437500 0.01375000 0.01875000
0 0.63375000 0.42625000 0.01250000 0.01750000
0 0.65187500 0.80437500 0.01625000 0.01625000
0 0.84500000 0.80937500 0.01750000 0.02125000
0 0.50750000 0.30687500 0.02250000 0.02125000
0 0.82625000 0.80937500 0.02000000 0.02125000
0 0.64312500 0.48250000 0.02125000 0.02250000
0 0.70437500 0.56125000 0.02125000 0.03000000
0 0.66125000 0.47625000 0.01750000 0.02500000
0 0.84312500 0.86375000 0.02375000 0.02750000
0 0.71062500 0.62437500 0.01875000 0.02125000
0 0.90375000 0.82625000 0.02250000 0.02000000
0 0.79625000 0.59875000 0.01250000 0.01500000
0 0.74250000 0.59625000 0.01250000 0.01750000
0 0.79625000 0.62062500 0.01750000 0.02125000
0 0.83500000 0.66437500 0.01500000 0.01875000
0 0.52875000 0.27875000 0.02250000 0.02250000
0 0.81625000 0.67250000 0.01250000 0.01750000
0 0.76437500 0.71437500 0.01625000 0.02125000
0 0.49750000 0.24625000 0.01750000 0.01500000
0 0.53625000 0.35562500 0.01750000 0.01875000
0 0.72687500 0.64687500 0.02375000 0.02625000
0 0.73062500 0.60125000 0.01625000 0.02250000
0 0.93125000 0.96750000 0.01500000 0.02000000
0 0.72437500 0.66875000 0.02125000 0.02250000
0 0.74875000 0.69687500 0.02000000 0.02625000
0 0.71812500 0.70812500 0.01125000 0.01875000
0 0.78562500 0.69500000 0.01625000 0.02500000
0 0.73125000 0.75187500 0.02250000 0.00875000
0 0.38062500 0.14312500 0.02625000 0.01875000
0 0.55687500 0.38250000 0.01375000 0.01750000
0 0.57687500 0.40687500 0.01625000 0.02625000
0 0.63875000 0.39375000 0.01750000 0.01750000
0 0.89562500 0.92625000 0.01625000 0.02250000
0 0.94812500 0.90062500 0.01625000 0.01875000
0 0.77812500 0.64125000 0.01625000 0.02750000
0 0.76812500 0.64062500 0.01625000 0.02125000
0 0.88250000 0.87125000 0.01750000 0.02250000
0 0.87625000 0.87500000 0.01750000 0.01750000
0 0.80125000 0.78250000 0.01750000 0.02250000
0 0.79562500 0.78812500 0.01625000 0.02375000
0 0.67875000 0.56562500 0.01750000 0.02375000
0 0.67562500 0.57625000 0.01125000 0.01750000
