0 0.96375000 0.25125000 0.01750000 0.02500000
0 0.99437500 0.36312500 0.01125000 0.03125000
0 0.99375000 0.45375000 0.01250000 0.02500000
0 0.92312500 0.52750000 0.01375000 0.04000000
0 0.95437500 0.73875000 0.01125000 0.02750000
0 0.97500000 0.85625000 0.01750000 0.02250000
0 0.90875000 0.09625000 0.02000000 0.03750000
0 0.99437500 0.73750000 0.01125000 0.02000000
0 0.93875000 0.15625000 0.02250000 0.02500000
0 0.96562500 0.79250000 0.00875000 0.02250000
0 0.98625000 0.87687500 0.01000000 0.02625000
0 0.97250000 0.91312500 0.01250000 0.02875000
0 0.97000000 0.59062500 0.00750000 0.02125000
0 0.98250000 0.66750000 0.02000000 0.03500000
0 0.99500000 0.52500000 0.01000000 0.05500000
0 0.98875000 0.97625000 0.01500000 0.02750000
