0 0.03250000 0.67375000 0.01500000 0.01750000
0 0.05125000 0.81187500 0.01250000 0.02125000
0 0.07937500 0.80812500 0.00875000 0.02125000
0 0.04812500 0.90750000 0.00875000 0.02250000
0 0.03625000 0.84125000 0.01000000 0.02250000
0 0.07125000 0.84437500 0.01250000 0.02625000
0 0.14125000 0.95625000 0.02000000 0.04250000
0 0.12500000 0.87500000 0.02500000 0.01000000
0 0.08750000 0.98187500 0.01000000 0.02875000
0 0.10500000 0.71312500 0.01000000 0.01875000
0 0.07750000 0.98500000 0.01000000 0.02250000
0 0.12500000 0.76062500 0.01000000 0.02875000
0 0.07500000 0.90937500 0.01000000 0.02125000
0 0.04000000 0.93750000 0.00750000 0.02500000
0 0.03625000 0.69812500 0.01250000 0.01875000
0 0.01375000 0.75312500 0.01250000 0.02375000
0 0.03500000 0.87437500 0.01000000 0.02625000
0 0.08125000 0.87125000 0.01250000 0.03750000
0 0.07875000 0.94437500 0.00750000 0.02125000
0 0.10375000 0.91750000 0.00750000 0.03250000
0 0.06562500 0.74250000 0.00875000 0.02000000
0 0.03312500 0.78312500 0.00875000 0.02375000
0 0.07687500 0.65375000 0.02625000 0.05000000
0 0.00875000 0.53625000 0.01750000 0.02500000
0 0.13312500 0.78687500 0.01125000 0.02625000
0 0.12750000 0.82000000 0.01750000 0.03750000
0 0.08187500 0.69375000 0.00875000 0.01750000
0 0.09187500 0.69187500 0.01375000 0.01875000
0 0.13812500 0.85625000 0.01625000 0.03250000
0 0.12187500 0.86625000 0.02125000 0.00750000
0 0.02937500 0.97812500 0.00875000 0.02625000
