0 0.96187500 0.99437500 0.01375000 0.01125000
0 0.99125000 0.68125000 0.01500000 0.02500000
0 0.67125000 0.42750000 0.02500000 0.03250000
0 0.67562500 0.02875000 0.04375000 0.05000000
0 0.70000000 0.47312500 0.01750000 0.02375000
0 0.99125000 0.72000000 0.01250000 0.02500000
0 0.72562500 0.50500000 0.01875000 0.02000000
0 0.72125000 0.07437500 0.04500000 0.04875000
0 0.75375000 0.12250000 0.03250000 0.04250000
0 0.87250000 0.61875000 0.01500000 0.01750000
0 0.87500000 0.61062500 0.02000000 0.02375000
0 0.89437500 0.36437500 0.04125000 0.05875000
0 0.60375000 0.23187500 0.01750000 0.01625000
0 0.92937500 0.42562500 0.04375000 0.06375000
0 0.61125000 0.23000000 0.01500000 0.01500000
0 0.75187500 0.43562500 0.01375000 0.02125000
0 0.83812500 0.53062500 0.01625000 0.01875000
0 0.75875000 0.45500000 0.01250000 0.02000000
0 0.82375000 0.53937500 0.01500000 0.01875000
0 0.90875000 0.84625000 0.02000000 0.03750000
0 0.88625000 0.60625000 0.02250000 0.02000000
0 0.93875000 0.90625000 0.02250000 0.02500000
0 0.89375000 0.60312500 0.02000000 0.02375000
0 0.96187500 0.48000000 0.03625000 0.04500000
0 0.67187500 0.14875000 0.01875000 0.02500000
0 0.66375000 0.33750000 0.01000000 0.01750000
0 0.79312500 0.42687500 0.02125000 0.02125000
0 0.84812500 0.56375000 0.01375000 0.02500000
0 0.82250000 0.45125000 0.01750000 0.02000000
0 0.83812500 0.58875000 0.01875000 0.02000000
0 0.96625000 0.63000000 0.01750000 0.02500000
0 0.91687500 0.67437500 0.01875000 0.02125000
0 0.79312500 0.19062500 0.03875000 0.05625000
0 0.82625000 0.24875000 0.04000000 0.05750000
0 0.99562500 0.65312500 0.00875000 0.02625000
0 0.91125000 0.71500000 0.01750000 0.02750000
0 0.86062500 0.30812500 0.03875000 0.05625000
0 0.70937500 0.39875000 0.01875000 0.02000000
0 0.57250000 0.19625000 0.01750000 0.01750000
0 0.67000000 0.33250000 0.01250000 0.01750000
0 0.58875000 0.20812500 0.01500000 0.01875000
0 0.68625000 0.36187500 0.01250000 0.02125000
0 0.84500000 0.51562500 0.01500000 0.01875000
0 0.82937500 0.64125000 0.01625000 0.02000000
0 0.85187500 0.64812500 0.02125000 0.03625000
0 0.77937500 0.48562500 0.01625000 0.01625000
0 0.77125000 0.48937500 0.02000000 0.01875000
0 0.61937500 0.25500000 0.01125000 0.01750000
0 0.72937500 0.45125000 0.01625000 0.02000000
0 0.64375000 0.28000000 0.01000000 0.01750000
0 0.71812500 0.43062500 0.01375000 0.01625000
0 0.81750000 0.50750000 0.02000000 0.02250000
0 0.87937500 0.68000000 0.01625000 0.02250000
0 0.75187500 0.47500000 0.01875000 0.01750000
0 0.79437500 0.52562500 0.01125000 0.01375000
