0 0.30125000 0.62125000 0.03000000 0.02750000
0 0.14437500 0.92125000 0.01875000 0.02000000
0 0.18750000 0.99312500 0.02500000 0.01375000
0 0.68750000 0.86062500 0.02500000 0.02375000
0 0.58125000 0.98875000 0.02250000 0.02000000
0 0.12500000 0.41750000 0.03250000 0.03000000
0 0.67125000 0.99125000 0.02000000 0.01750000
0 0.47187500 0.82437500 0.02125000 0.01375000
0 0.88500000 0.91687500 0.01500000 0.01375000
0 0.12875000 0.61375000 0.02000000 0.01750000
0 0.07875000 0.90250000 0.02250000 0.02500000
