0 0.12312500 0.16687500 0.01625000 0.01875000
0 0.20937500 0.11812500 0.01875000 0.02125000
0 0.06875000 0.07125000 0.03250000 0.03500000
0 0.03312500 0.10937500 0.01875000 0.02125000
0 0.19375000 0.09125000 0.01250000 0.01500000
0 0.05187500 0.26687500 0.01125000 0.01625000
0 0.17062500 0.10687500 0.01625000 0.01625000
0 0.01187500 0.15437500 0.02375000 0.04125000
0 0.07562500 0.23812500 0.01375000 0.02125000
0 0.03375000 0.26562500 0.01250000 0.02125000
0 0.12875000 0.01125000 0.01750000 0.01750000
