0 0.40437500 0.29312500 0.13625000 0.23625000
0 0.14437500 0.27750000 0.06375000 0.13500000
0 0.44375000 0.72812500 0.17750000 0.35125000
0 0.17687500 0.38625000 0.04125000 0.08500000
0 0.10125000 0.11062500 0.08500000 0.17375000
0 0.16375000 0.10250000 0.08250000 0.17750000
0 0.10125000 0.26375000 0.04750000 0.11750000
0 0.18625000 0.27062500 0.03500000 0.07875000
0 0.05187500 0.12000000 0.07125000 0.14750000
0 0.21500000 0.35000000 0.03750000 0.07500000
0 0.50000000 0.27937500 0.05000000 0.07125000
