0 0.30687500 0.65437500 0.01875000 0.01625000
0 0.27312500 0.69437500 0.01125000 0.01125000
0 0.34437500 0.65625000 0.02625000 0.02250000
0 0.40062500 0.85625000 0.01875000 0.02250000
0 0.30375000 0.47375000 0.02000000 0.02500000
0 0.24875000 0.60437500 0.01500000 0.01625000
0 0.25062500 0.51312500 0.01375000 0.02625000
0 0.31062500 0.61125000 0.02875000 0.02000000
0 0.45125000 0.64500000 0.02500000 0.02500000
0 0.53125000 0.62750000 0.01500000 0.01250000
0 0.62750000 0.74187500 0.01750000 0.01125000
0 0.78562500 0.98062500 0.01875000 0.00875000
0 0.30750000 0.10562500 0.01250000 0.02375000
0 0.33500000 0.11750000 0.00750000 0.01750000
0 0.22500000 0.10625000 0.01750000 0.02250000
0 0.21562500 0.04250000 0.00875000 0.02250000
0 0.23625000 0.12687500 0.01000000 0.02625000
0 0.34375000 0.11500000 0.01000000 0.01500000
0 0.22250000 0.16312500 0.01250000 0.02875000
0 0.33312500 0.14812500 0.01125000 0.01625000
0 0.40562500 0.58937500 0.02375000 0.02125000
0 0.24937500 0.55250000 0.01375000 0.02000000
0 0.43500000 0.59687500 0.01250000 0.01875000
0 0.56312500 0.64062500 0.01375000 0.01125000
0 0.44625000 0.89312500 0.01500000 0.01375000
0 0.42937500 0.69312500 0.02625000 0.01875000
0 0.56937500 0.92750000 0.01125000 0.00750000
0 0.27937500 0.54250000 0.02125000 0.02250000
0 0.26750000 0.63562500 0.01750000 0.01625000
0 0.31125000 0.52875000 0.01500000 0.02000000
0 0.49125000 0.69812500 0.02000000 0.01375000
0 0.91625000 0.85062500 0.01750000 0.01125000
0 0.47500000 0.73062500 0.03000000 0.01875000
0 0.86250000 0.93500000 0.03000000 0.02250000
0 0.31125000 0.05625000 0.00750000 0.02250000
0 0.27812500 0.06562500 0.01375000 0.04125000
0 0.25437500 0.15562500 0.00875000 0.02125000
0 0.30187500 0.20062500 0.01375000 0.02375000
0 0.29500000 0.14562500 0.01000000 0.02375000
0 0.31750000 0.23937500 0.00750000 0.01125000
0 0.26437500 0.06625000 0.01375000 0.04250000
0 0.23875000 0.22625000 0.01500000 0.02750000
0 0.32625000 0.41125000 0.01250000 0.01500000
0 0.28312500 0.24250000 0.00875000 0.02000000
0 0.25437500 0.41375000 0.01125000 0.02250000
0 0.30562500 0.43625000 0.01625000 0.02250000
0 0.27000000 0.44375000 0.01000000 0.02000000
0 0.38250000 0.54937500 0.02250000 0.01875000
0 0.35812500 0.58562500 0.02375000 0.02125000
0 0.10187500 0.60562500 0.02875000 0.03625000
