0 0.87312500 0.91687500 0.01625000 0.01875000
0 0.70375000 0.97125000 0.02250000 0.03250000
0 0.95937500 0.86812500 0.01875000 0.02125000
0 0.81875000 0.82125000 0.03250000 0.03500000
0 0.78312500 0.85937500 0.01875000 0.02125000
0 0.89250000 0.73750000 0.01750000 0.02250000
0 0.94375000 0.84125000 0.01250000 0.01500000
0 0.91312500 0.71812500 0.02125000 0.02125000
0 0.92062500 0.85687500 0.01625000 0.01625000
0 0.75312500 0.91000000 0.04125000 0.05250000
0 0.96687500 0.68187500 0.02125000 0.01625000
0 0.82562500 0.98812500 0.01375000 0.02125000
0 0.87875000 0.76125000 0.01750000 0.01750000
