0 0.61625000 0.36687500 0.14000000 0.03875000
0 0.65000000 0.46312500 0.07500000 0.03375000
0 0.80750000 0.61687500 0.07000000 0.04625000
0 0.65625000 0.10000000 0.24000000 0.06250000
0 0.81062500 0.63312500 0.06875000 0.04375000
0 0.66437500 0.20437500 0.24125000 0.04875000
0 0.83125000 0.65437500 0.07750000 0.03875000
0 0.68187500 0.17250000 0.22875000 0.05500000
0 0.65500000 0.44687500 0.08250000 0.03375000
0 0.65062500 0.43062500 0.05625000 0.03375000
0 0.82812500 0.39562500 0.06875000 0.02875000
0 0.47062500 0.14062500 0.09875000 0.03625000
0 0.49812500 0.20250000 0.07125000 0.02750000
