0 0.56937500 0.95187500 0.02625000 0.03125000
0 0.23937500 0.12187500 0.07625000 0.04875000
0 0.30250000 0.18562500 0.10750000 0.08375000
0 0.25562500 0.35687500 0.07125000 0.06125000
0 0.31937500 0.24875000 0.07375000 0.05250000
0 0.34812500 0.29750000 0.09375000 0.07500000
0 0.22187500 0.43125000 0.06625000 0.06500000
0 0.17437500 0.49937500 0.05375000 0.05375000
0 0.17687500 0.58625000 0.02125000 0.06250000
0 0.19812500 0.63437500 0.06125000 0.03625000
0 0.25562500 0.63000000 0.06125000 0.04250000
0 0.26000000 0.61750000 0.04250000 0.02750000
