0 0.02250000 0.16250000 0.04500000 0.03500000
0 0.01250000 0.08562500 0.02500000 0.03125000
0 0.01687500 0.19562500 0.03375000 0.03125000
0 0.02625000 0.11062500 0.05250000 0.03125000
0 0.60937500 0.91250000 0.13125000 0.17500000
0 0.02812500 0.13062500 0.05625000 0.02875000
0 0.08062500 0.41750000 0.08625000 0.03250000
0 0.05562500 0.61250000 0.06625000 0.03750000
0 0.06812500 0.61937500 0.09125000 0.05375000
0 0.07812500 0.39562500 0.07375000 0.02625000
0 0.07375000 0.63437500 0.09000000 0.04875000
0 0.08125000 0.65500000 0.07750000 0.03500000
