0 0.21375000 0.25125000 0.01750000 0.02500000
0 0.36125000 0.36750000 0.01750000 0.00750000
0 0.35125000 0.40750000 0.01000000 0.02000000
0 0.37250000 0.46937500 0.01500000 0.02875000
0 0.30125000 0.06187500 0.01250000 0.02125000
0 0.32937500 0.05812500 0.00875000 0.02125000
0 0.37625000 0.30750000 0.01250000 0.02250000
0 0.29812500 0.15750000 0.00875000 0.02250000
0 0.24750000 0.36312500 0.01750000 0.03125000
0 0.32437500 0.43375000 0.00875000 0.02250000
0 0.30750000 0.50812500 0.01000000 0.02125000
0 0.24437500 0.45375000 0.01375000 0.02500000
0 0.37125000 0.52562500 0.00750000 0.02125000
0 0.28625000 0.09125000 0.01000000 0.02250000
0 0.32125000 0.09437500 0.01250000 0.02625000
0 0.36937500 0.62000000 0.00875000 0.01750000
0 0.17312500 0.52750000 0.01375000 0.04000000
0 0.34375000 0.66562500 0.01000000 0.01875000
0 0.39125000 0.20625000 0.02000000 0.04250000
0 0.20437500 0.73875000 0.01125000 0.02750000
0 0.30750000 0.85562500 0.01250000 0.02375000
0 0.33500000 0.86750000 0.00750000 0.01750000
0 0.37500000 0.12500000 0.02500000 0.01000000
0 0.22500000 0.85625000 0.01750000 0.02250000
0 0.33750000 0.23187500 0.01000000 0.02875000
0 0.35437500 0.68312500 0.01125000 0.01875000
0 0.15875000 0.09625000 0.02000000 0.03750000
0 0.24437500 0.73750000 0.01125000 0.02000000
0 0.18875000 0.15625000 0.02250000 0.02500000
0 0.21562500 0.79250000 0.00875000 0.02250000
0 0.23625000 0.87687500 0.01000000 0.02625000
0 0.34375000 0.86500000 0.01000000 0.01500000
0 0.32750000 0.23500000 0.01000000 0.02250000
0 0.22250000 0.91312500 0.01250000 0.02875000
0 0.37500000 0.01250000 0.01000000 0.02500000
0 0.33312500 0.89812500 0.01125000 0.01625000
0 0.30750000 0.39062500 0.01000000 0.02625000
0 0.32500000 0.15937500 0.01000000 0.02125000
0 0.36812500 0.33187500 0.01375000 0.02125000
0 0.29000000 0.18750000 0.00750000 0.02500000
0 0.26437500 0.00750000 0.01125000 0.01500000
0 0.30125000 0.45687500 0.01500000 0.02375000
0 0.35937500 0.59937500 0.01125000 0.01875000
0 0.32750000 0.46187500 0.01250000 0.02375000
0 0.26562500 0.60312500 0.01125000 0.02375000
0 0.28500000 0.12437500 0.01000000 0.02625000
0 0.33125000 0.12125000 0.01250000 0.03750000
0 0.32875000 0.19437500 0.00750000 0.02125000
0 0.37937500 0.34500000 0.00875000 0.02250000
0 0.35375000 0.16750000 0.00750000 0.03250000
0 0.34500000 0.37125000 0.01250000 0.02500000
0 0.28312500 0.03312500 0.00875000 0.02375000
0 0.38250000 0.39812500 0.01250000 0.01625000
0 0.22000000 0.59062500 0.00750000 0.02125000
0 0.38875000 0.42250000 0.01250000 0.01500000
0 0.34875000 0.64187500 0.00750000 0.02375000
0 0.23250000 0.66750000 0.02000000 0.03500000
0 0.31125000 0.80625000 0.00750000 0.02250000
0 0.30562500 0.63750000 0.02125000 0.03000000
0 0.27812500 0.81562500 0.01375000 0.04125000
0 0.25437500 0.90562500 0.00875000 0.02125000
0 0.38312500 0.03687500 0.01125000 0.02625000
0 0.30187500 0.95062500 0.01375000 0.02375000
0 0.29500000 0.89562500 0.01000000 0.02375000
0 0.37750000 0.07000000 0.01750000 0.03750000
0 0.31750000 0.98937500 0.00750000 0.01125000
0 0.29812500 0.38937500 0.01125000 0.02375000
0 0.33937500 0.55812500 0.02125000 0.03125000
0 0.25437500 0.52437500 0.02875000 0.05625000
0 0.26437500 0.81625000 0.01375000 0.04250000
0 0.23875000 0.97625000 0.01500000 0.02750000
0 0.38812500 0.10625000 0.01625000 0.03250000
0 0.28375000 0.38687500 0.01500000 0.03125000
0 0.28312500 0.99125000 0.00875000 0.01750000
0 0.37187500 0.11625000 0.02125000 0.00750000
0 0.29000000 0.39125000 0.00750000 0.02000000
0 0.27937500 0.22750000 0.00875000 0.02500000
0 0.26187500 0.32562500 0.01125000 0.03375000
0 0.42437500 0.35125000 0.02125000 0.04500000
