0 0.23562500 0.68000000 0.16625000 0.05500000
0 0.30437500 0.68875000 0.08125000 0.03250000
0 0.65750000 0.70250000 0.22500000 0.06750000
0 0.45500000 0.74000000 0.10000000 0.04250000
0 0.04812500 0.83062500 0.09625000 0.04375000
0 0.05250000 0.86000000 0.10500000 0.04000000
0 0.74062500 0.31937500 0.02625000 0.04875000
0 0.75687500 0.40312500 0.02375000 0.05625000
0 0.92312500 0.39750000 0.07125000 0.03500000
0 0.81625000 0.53062500 0.05250000 0.11125000
0 0.23937500 0.78812500 0.25625000 0.07375000
0 0.57000000 0.44500000 0.15250000 0.05000000
0 0.23687500 0.51000000 0.36875000 0.09750000
0 0.27250000 0.61687500 0.37500000 0.09625000
0 0.61000000 0.07125000 0.05500000 0.04000000
0 0.60000000 0.08312500 0.05000000 0.03375000
0 0.66500000 0.11125000 0.06000000 0.03500000
