0 0.05687500 0.65437500 0.01875000 0.01625000
0 0.02312500 0.69437500 0.01125000 0.01125000
0 0.09437500 0.65625000 0.02625000 0.02250000
0 0.15062500 0.85625000 0.01875000 0.02250000
0 0.05375000 0.47375000 0.02000000 0.02500000
0 0.00312500 0.60625000 0.00625000 0.01250000
0 0.00375000 0.51375000 0.00750000 0.02500000
0 0.06062500 0.61125000 0.02875000 0.02000000
0 0.20125000 0.64500000 0.02500000 0.02500000
0 0.28125000 0.62750000 0.01500000 0.01250000
0 0.37750000 0.74187500 0.01750000 0.01125000
0 0.53562500 0.98062500 0.01875000 0.00875000
0 0.05750000 0.10562500 0.01250000 0.02375000
0 0.08500000 0.11750000 0.00750000 0.01750000
0 0.09375000 0.11500000 0.01000000 0.01500000
0 0.08312500 0.14812500 0.01125000 0.01625000
0 0.15562500 0.58937500 0.02375000 0.02125000
0 0.00312500 0.55437500 0.00625000 0.01625000
0 0.18500000 0.59687500 0.01250000 0.01875000
0 0.31312500 0.64062500 0.01375000 0.01125000
0 0.19625000 0.89312500 0.01500000 0.01375000
0 0.17937500 0.69312500 0.02625000 0.01875000
0 0.31937500 0.92750000 0.01125000 0.00750000
0 0.02937500 0.54250000 0.02125000 0.02250000
0 0.01750000 0.63562500 0.01750000 0.01625000
0 0.06125000 0.52875000 0.01500000 0.02000000
0 0.24125000 0.69812500 0.02000000 0.01375000
0 0.66625000 0.85062500 0.01750000 0.01125000
0 0.22500000 0.73062500 0.03000000 0.01875000
0 0.61250000 0.93500000 0.03000000 0.02250000
0 0.06125000 0.05625000 0.00750000 0.02250000
0 0.02812500 0.06562500 0.01375000 0.04125000
0 0.00437500 0.15562500 0.00875000 0.02125000
0 0.05187500 0.20062500 0.01375000 0.02375000
0 0.04500000 0.14562500 0.01000000 0.02375000
0 0.06750000 0.23937500 0.00750000 0.01125000
0 0.01437500 0.06625000 0.01375000 0.04250000
0 0.07625000 0.41125000 0.01250000 0.01500000
0 0.03312500 0.24250000 0.00875000 0.02000000
0 0.00500000 0.41375000 0.01000000 0.02250000
0 0.05625000 0.43625000 0.01750000 0.02500000
0 0.02062500 0.44375000 0.01125000 0.02000000
0 0.13187500 0.54875000 0.02125000 0.02000000
0 0.10812500 0.58500000 0.02625000 0.02500000
