0 0.30125000 0.37125000 0.03000000 0.02750000
0 0.14437500 0.67125000 0.01875000 0.02000000
0 0.18750000 0.74687500 0.02500000 0.02125000
0 0.68750000 0.61062500 0.02500000 0.02375000
0 0.58125000 0.73875000 0.02250000 0.02000000
0 0.23437500 0.77500000 0.02125000 0.01750000
0 0.12500000 0.16750000 0.03250000 0.03000000
0 0.67125000 0.74187500 0.02000000 0.01875000
0 0.47187500 0.57437500 0.02125000 0.01375000
0 0.88500000 0.66687500 0.01500000 0.01375000
0 0.12875000 0.36375000 0.02000000 0.01750000
0 0.07875000 0.65250000 0.02250000 0.02500000
0 0.36062500 0.95375000 0.01625000 0.01750000
