0 0.21187500 0.99437500 0.01375000 0.01125000
0 0.24125000 0.68125000 0.01500000 0.02500000
0 0.28250000 0.67375000 0.01500000 0.01750000
0 0.30125000 0.81187500 0.01250000 0.02125000
0 0.32937500 0.80812500 0.00875000 0.02125000
0 0.29812500 0.90750000 0.00875000 0.02250000
0 0.24125000 0.72000000 0.01250000 0.02500000
0 0.28625000 0.84125000 0.01000000 0.02250000
0 0.32125000 0.84437500 0.01250000 0.02625000
0 0.01000000 0.12500000 0.02000000 0.03750000
0 0.12250000 0.61875000 0.01500000 0.01750000
0 0.39125000 0.95625000 0.02000000 0.04250000
0 0.12500000 0.61062500 0.02000000 0.02375000
0 0.14437500 0.36437500 0.04125000 0.05875000
0 0.17937500 0.42562500 0.04375000 0.06375000
0 0.37500000 0.87500000 0.02500000 0.01000000
0 0.33750000 0.98187500 0.01000000 0.02875000
0 0.00437500 0.43562500 0.00875000 0.02125000
0 0.08812500 0.53062500 0.01625000 0.01875000
0 0.00875000 0.45500000 0.01250000 0.02000000
0 0.07375000 0.53937500 0.01500000 0.01875000
0 0.15875000 0.84625000 0.02000000 0.03750000
0 0.13625000 0.60625000 0.02250000 0.02000000
0 0.18875000 0.90625000 0.02250000 0.02500000
0 0.14375000 0.60312500 0.02000000 0.02375000
0 0.21187500 0.48000000 0.03625000 0.04500000
0 0.35500000 0.71312500 0.01000000 0.01875000
0 0.32750000 0.98500000 0.01000000 0.02250000
0 0.37500000 0.76062500 0.01000000 0.02875000
0 0.04312500 0.42687500 0.02125000 0.02125000
0 0.09812500 0.56375000 0.01375000 0.02500000
0 0.07250000 0.45125000 0.01750000 0.02000000
0 0.08812500 0.58875000 0.01875000 0.02000000
0 0.32500000 0.90937500 0.01000000 0.02125000
0 0.29000000 0.93750000 0.00750000 0.02500000
0 0.21625000 0.63000000 0.01750000 0.02500000
0 0.28625000 0.69812500 0.01250000 0.01875000
0 0.16687500 0.67437500 0.01875000 0.02125000
0 0.26375000 0.75312500 0.01250000 0.02375000
0 0.28500000 0.87437500 0.01000000 0.02625000
0 0.04312500 0.19062500 0.03875000 0.05625000
0 0.33125000 0.87125000 0.01250000 0.03750000
0 0.07625000 0.24875000 0.04000000 0.05750000
0 0.32875000 0.94437500 0.00750000 0.02125000
0 0.35375000 0.91750000 0.00750000 0.03250000
0 0.24750000 0.65312500 0.01250000 0.02625000
0 0.31562500 0.74250000 0.00875000 0.02000000
0 0.16125000 0.71500000 0.01750000 0.02750000
0 0.28312500 0.78312500 0.00875000 0.02375000
0 0.11062500 0.30812500 0.03875000 0.05625000
0 0.32687500 0.65375000 0.02625000 0.05000000
0 0.25625000 0.53625000 0.02250000 0.02500000
0 0.38312500 0.78687500 0.01125000 0.02625000
0 0.37750000 0.82000000 0.01750000 0.03750000
0 0.09500000 0.51562500 0.01500000 0.01875000
0 0.07937500 0.64125000 0.01625000 0.02000000
0 0.10187500 0.64812500 0.02125000 0.03625000
0 0.02937500 0.48562500 0.01625000 0.01625000
0 0.33187500 0.69375000 0.00875000 0.01750000
0 0.02125000 0.48937500 0.02000000 0.01875000
0 0.34187500 0.69187500 0.01375000 0.01875000
0 0.38812500 0.85625000 0.01625000 0.03250000
0 0.37187500 0.86625000 0.02125000 0.00750000
0 0.06750000 0.50750000 0.02000000 0.02250000
0 0.12937500 0.68000000 0.01625000 0.02250000
0 0.00562500 0.47500000 0.01125000 0.01750000
0 0.04437500 0.52562500 0.01125000 0.01375000
0 0.27937500 0.97812500 0.00875000 0.02625000
