0 0.11125000 0.36750000 0.01750000 0.00750000
0 0.10125000 0.40750000 0.01000000 0.02000000
0 0.12250000 0.46937500 0.01500000 0.02875000
0 0.05125000 0.06187500 0.01250000 0.02125000
0 0.07937500 0.05812500 0.00875000 0.02125000
0 0.12625000 0.30750000 0.01250000 0.02250000
0 0.04812500 0.15750000 0.00875000 0.02250000
0 0.00312500 0.36187500 0.00625000 0.02875000
0 0.07437500 0.43375000 0.00875000 0.02250000
0 0.05750000 0.50812500 0.01000000 0.02125000
0 0.12125000 0.52562500 0.00750000 0.02125000
0 0.03625000 0.09125000 0.01000000 0.02250000
0 0.07125000 0.09437500 0.01250000 0.02625000
0 0.11937500 0.62000000 0.00875000 0.01750000
0 0.09375000 0.66562500 0.01000000 0.01875000
0 0.14125000 0.20625000 0.02000000 0.04250000
0 0.05750000 0.85562500 0.01250000 0.02375000
0 0.08500000 0.86750000 0.00750000 0.01750000
0 0.12500000 0.12500000 0.02500000 0.01000000
0 0.08750000 0.23187500 0.01000000 0.02875000
0 0.10437500 0.68312500 0.01125000 0.01875000
0 0.09375000 0.86500000 0.01000000 0.01500000
0 0.07750000 0.23500000 0.01000000 0.02250000
0 0.12500000 0.01250000 0.01000000 0.02500000
0 0.08312500 0.89812500 0.01125000 0.01625000
0 0.05750000 0.39062500 0.01000000 0.02625000
0 0.07500000 0.15937500 0.01000000 0.02125000
0 0.11812500 0.33187500 0.01375000 0.02125000
0 0.04000000 0.18750000 0.00750000 0.02500000
0 0.01437500 0.00750000 0.01125000 0.01500000
0 0.05125000 0.45687500 0.01500000 0.02375000
0 0.10937500 0.59937500 0.01125000 0.01875000
0 0.07750000 0.46187500 0.01250000 0.02375000
0 0.01562500 0.60312500 0.01125000 0.02375000
0 0.03500000 0.12437500 0.01000000 0.02625000
0 0.08125000 0.12125000 0.01250000 0.03750000
0 0.07875000 0.19437500 0.00750000 0.02125000
0 0.12937500 0.34500000 0.00875000 0.02250000
0 0.10375000 0.16750000 0.00750000 0.03250000
0 0.09500000 0.37125000 0.01250000 0.02500000
0 0.03312500 0.03312500 0.00875000 0.02375000
0 0.13250000 0.39812500 0.01250000 0.01625000
0 0.13875000 0.42250000 0.01250000 0.01500000
0 0.09875000 0.64187500 0.00750000 0.02375000
0 0.06125000 0.80625000 0.00750000 0.02250000
0 0.05562500 0.63750000 0.02125000 0.03000000
0 0.02812500 0.81562500 0.01375000 0.04125000
0 0.00437500 0.90562500 0.00875000 0.02125000
0 0.13312500 0.03687500 0.01125000 0.02625000
0 0.05187500 0.95062500 0.01375000 0.02375000
0 0.04500000 0.89562500 0.01000000 0.02375000
0 0.12750000 0.07000000 0.01750000 0.03750000
0 0.06750000 0.98937500 0.00750000 0.01125000
0 0.04812500 0.38937500 0.01125000 0.02375000
0 0.08937500 0.55812500 0.02125000 0.03125000
0 0.00937500 0.52375000 0.01875000 0.05500000
0 0.01437500 0.81625000 0.01375000 0.04250000
0 0.13812500 0.10625000 0.01625000 0.03250000
0 0.03375000 0.38687500 0.01500000 0.03125000
0 0.03312500 0.99125000 0.00875000 0.01750000
0 0.12187500 0.11625000 0.02125000 0.00750000
0 0.04000000 0.39125000 0.00750000 0.02000000
0 0.02937500 0.22750000 0.00875000 0.02500000
0 0.01187500 0.32625000 0.01125000 0.03500000
0 0.17500000 0.35187500 0.02000000 0.04375000
