0 0.20687500 0.94125000 0.05125000 0.11750000
0 0.29562500 0.93562500 0.03875000 0.07875000
0 0.16000000 0.95687500 0.05250000 0.08625000
0 0.25187500 0.89875000 0.05375000 0.20250000
0 0.79687500 0.32250000 0.13125000 0.25500000
0 0.71500000 0.74625000 0.09500000 0.28250000
0 0.66062500 0.74187500 0.07875000 0.23375000
0 0.06375000 0.64562500 0.08000000 0.32125000
0 0.02625000 0.50250000 0.05000000 0.10000000
0 0.01187500 0.60500000 0.02375000 0.08000000
0 0.74625000 0.29687500 0.10750000 0.23375000
