0 0.12312500 0.91687500 0.01625000 0.01875000
0 0.65875000 0.47625000 0.03500000 0.00750000
0 0.40000000 0.55500000 0.02750000 0.02000000
0 0.20937500 0.86812500 0.01875000 0.02125000
0 0.96250000 0.51125000 0.02250000 0.01250000
0 0.98750000 0.52437500 0.02500000 0.02375000
0 0.06875000 0.82125000 0.03250000 0.03500000
0 0.46312500 0.52312500 0.05375000 0.02875000
0 0.70125000 0.47500000 0.04000000 0.01250000
0 0.59875000 0.49125000 0.03750000 0.02000000
0 0.53125000 0.50062500 0.06750000 0.02375000
0 0.03312500 0.85937500 0.01875000 0.02125000
0 0.30437500 0.61625000 0.02125000 0.01750000
0 0.35125000 0.58312500 0.06250000 0.03875000
0 0.14250000 0.73750000 0.01750000 0.02250000
0 0.19375000 0.84125000 0.01250000 0.01500000
0 0.16312500 0.71812500 0.02125000 0.02125000
0 0.17062500 0.85687500 0.01625000 0.01625000
0 0.58812500 0.60062500 0.01875000 0.00875000
0 0.74625000 0.47250000 0.04750000 0.01000000
0 0.66500000 0.59875000 0.03250000 0.01250000
0 0.79250000 0.47625000 0.04000000 0.01750000
0 0.01187500 0.90437500 0.02375000 0.04125000
0 0.21687500 0.68187500 0.02125000 0.01625000
0 0.64875000 0.48875000 0.04250000 0.02000000
0 0.83625000 0.47812500 0.04000000 0.01625000
0 0.70437500 0.48437500 0.03875000 0.01125000
0 0.91062500 0.50250000 0.07875000 0.03500000
0 0.07562500 0.98812500 0.01375000 0.02125000
0 0.30875000 0.62437500 0.01500000 0.01375000
0 0.33625000 0.60562500 0.01750000 0.01125000
0 0.12875000 0.76125000 0.01750000 0.01750000
