0 0.21250000 0.51125000 0.02250000 0.01250000
0 0.61000000 0.71875000 0.05250000 0.04750000
0 0.24687500 0.52437500 0.04375000 0.02375000
0 0.67562500 0.77875000 0.04375000 0.05000000
0 0.29812500 0.54312500 0.05875000 0.03125000
0 0.72125000 0.82437500 0.04500000 0.04875000
0 0.36000000 0.56812500 0.06500000 0.03375000
0 0.75375000 0.87250000 0.03250000 0.04250000
0 0.60375000 0.98187500 0.01750000 0.01625000
0 0.61125000 0.98000000 0.01500000 0.01500000
0 0.67187500 0.89875000 0.01875000 0.02500000
0 0.01000000 0.47250000 0.02000000 0.01000000
0 0.04250000 0.47625000 0.04000000 0.01750000
0 0.79312500 0.94062500 0.03875000 0.05625000
0 0.42937500 0.60062500 0.05625000 0.03875000
0 0.82000000 0.98500000 0.02750000 0.03000000
0 0.08625000 0.47812500 0.04000000 0.01625000
0 0.16062500 0.50250000 0.07875000 0.03500000
0 0.49125000 0.63937500 0.05500000 0.03875000
0 0.56000000 0.67750000 0.04000000 0.03000000
0 0.57250000 0.94625000 0.01750000 0.01750000
0 0.58875000 0.95812500 0.01500000 0.01875000
