0 0.70312500 0.22125000 0.02125000 0.03250000
0 0.75312500 0.16000000 0.04125000 0.05000000
0 0.82000000 0.07250000 0.03250000 0.03500000
0 0.95937500 0.11812500 0.01875000 0.02125000
0 0.78312500 0.26625000 0.01375000 0.02000000
0 0.23500000 0.98562500 0.01750000 0.00875000
0 0.78312500 0.10937500 0.01875000 0.02125000
0 0.80187500 0.26687500 0.01125000 0.01625000
0 0.20000000 0.78875000 0.01250000 0.00500000
0 0.82562500 0.23875000 0.01375000 0.02000000
0 0.22250000 0.78250000 0.01250000 0.00500000
0 0.87312500 0.16750000 0.01625000 0.01750000
0 0.60562500 0.42312500 0.01625000 0.02125000
0 0.87812500 0.01125000 0.01625000 0.01750000
0 0.62937500 0.38187500 0.01625000 0.01875000
0 0.01187500 0.76687500 0.02125000 0.01125000
0 0.04562500 0.75562500 0.02125000 0.01375000
0 0.92125000 0.10812500 0.01750000 0.02125000
0 0.94375000 0.09187500 0.01500000 0.01625000
