0 0.63750000 0.11000000 0.02500000 0.01750000
0 0.65125000 0.14250000 0.02750000 0.01750000
0 0.51625000 0.59062500 0.03750000 0.06375000
0 0.07000000 0.14125000 0.03500000 0.02500000
0 0.87500000 0.27125000 0.03000000 0.02250000
0 0.63250000 0.02937500 0.03500000 0.01375000
0 0.85812500 0.05312500 0.02625000 0.01875000
0 0.78687500 0.07437500 0.01875000 0.01375000
0 0.75562500 0.01125000 0.01375000 0.02000000
0 0.01687500 0.09562500 0.03375000 0.02625000
0 0.66500000 0.04937500 0.02750000 0.01125000
0 0.69000000 0.02375000 0.03000000 0.01000000
0 0.03812500 0.27062500 0.04375000 0.02125000
