0 0.04000000 0.78750000 0.08000000 0.03750000
0 0.03187500 0.53562500 0.04375000 0.04125000
0 0.68250000 0.79000000 0.04250000 0.09000000
0 0.13125000 0.39125000 0.04000000 0.07000000
0 0.93125000 0.04562500 0.03500000 0.02875000
0 0.38687500 0.97187500 0.04625000 0.05625000
0 0.76125000 0.73500000 0.10000000 0.02750000
0 0.31687500 0.67937500 0.08625000 0.07875000
0 0.17000000 0.13562500 0.02750000 0.04875000
0 0.32812500 0.09625000 0.03875000 0.04000000
0 0.96000000 0.34312500 0.03500000 0.01875000
0 0.98187500 0.16000000 0.03625000 0.02250000
0 0.67062500 0.56375000 0.04375000 0.05250000
0 0.50312500 0.46750000 0.05375000 0.08500000
0 0.08812500 0.33562500 0.03375000 0.01875000
0 0.75187500 0.31187500 0.01375000 0.04375000
0 0.37187500 0.33375000 0.05875000 0.02500000
0 0.62562500 0.01062500 0.03375000 0.02125000
0 0.78062500 0.16437500 0.01875000 0.04625000
0 0.79750000 0.16187500 0.01750000 0.02125000
