0 0.69937500 0.89250000 0.01875000 0.04500000
0 0.61937500 0.75812500 0.01375000 0.03375000
0 0.92000000 0.88562500 0.02750000 0.04875000
0 0.45562500 0.67750000 0.05875000 0.03750000
0 0.85125000 0.45000000 0.03250000 0.04250000
0 0.55250000 0.02187500 0.01500000 0.01625000
0 0.94500000 0.72750000 0.02250000 0.02250000
0 0.60187500 0.03437500 0.01625000 0.01625000
0 0.36687500 0.01125000 0.02625000 0.02000000
0 0.53937500 0.86375000 0.03125000 0.05000000
0 0.83062500 0.66437500 0.02875000 0.04375000
0 0.61687500 0.55500000 0.04375000 0.03750000
0 0.75812500 0.50500000 0.03625000 0.03000000
0 0.47312500 0.04750000 0.02125000 0.01750000
0 0.51250000 0.01625000 0.02000000 0.01750000
0 0.60375000 0.00375000 0.01500000 0.00750000
