0 0.95187500 0.19500000 0.02625000 0.01500000
0 0.85375000 0.10812500 0.02750000 0.01375000
0 0.98375000 0.86125000 0.03250000 0.01500000
0 0.18125000 0.31250000 0.02000000 0.04250000
0 0.29312500 0.99937500 0.00625000 0.00125000
0 0.73500000 0.29875000 0.04500000 0.02250000
0 0.58750000 0.42312500 0.03250000 0.01875000
0 0.78000000 0.18250000 0.03000000 0.02250000
0 0.87687500 0.32812500 0.01875000 0.01125000
0 0.63250000 0.98562500 0.06000000 0.02875000
0 0.99625000 0.58187500 0.00750000 0.01375000
0 0.79312500 0.88125000 0.04125000 0.04000000
0 0.55687500 0.78437500 0.02375000 0.02125000
0 0.29750000 0.88437500 0.03750000 0.02625000
0 0.23375000 0.72000000 0.01250000 0.02750000
0 0.84437500 0.74687500 0.02375000 0.02625000
0 0.25250000 0.50125000 0.02000000 0.01750000
