0 0.02437500 0.93562500 0.04875000 0.02125000
0 0.24312500 0.88625000 0.07625000 0.02750000
0 0.29500000 0.34062500 0.02250000 0.00875000
0 0.62375000 0.17062500 0.05750000 0.02125000
0 0.07062500 0.56000000 0.02375000 0.01000000
0 0.46750000 0.89375000 0.07750000 0.02500000
0 0.37187500 0.69187500 0.06375000 0.02125000
0 0.28750000 0.26250000 0.03500000 0.01000000
0 0.22437500 0.26062500 0.02375000 0.01125000
0 0.67750000 0.31437500 0.05000000 0.01875000
0 0.39875000 0.34250000 0.02000000 0.01500000
0 0.79125000 0.25687500 0.05500000 0.01625000
0 0.83750000 0.70812500 0.03500000 0.01625000
0 0.85062500 0.42187500 0.04875000 0.02125000
0 0.29437500 0.61187500 0.03625000 0.01625000
0 0.16437500 0.68625000 0.05125000 0.02000000
0 0.01125000 0.77437500 0.02250000 0.01625000
0 0.32375000 0.49125000 0.01750000 0.01000000
0 0.56812500 0.36062500 0.01875000 0.01125000
0 0.98750000 0.66562500 0.02500000 0.01375000
0 0.17062500 0.43812500 0.05375000 0.01875000
0 0.04875000 0.29812500 0.04250000 0.01375000
0 0.00625000 0.52312500 0.01250000 0.01125000
0 0.01000000 0.66937500 0.02000000 0.01375000
0 0.67187500 0.30312500 0.05375000 0.01875000
0 0.96437500 0.33562500 0.04625000 0.01875000
0 0.46937500 0.54937500 0.04625000 0.01875000
0 0.50187500 0.42937500 0.04875000 0.02375000
0 0.65062500 0.74937500 0.04375000 0.01875000
0 0.71937500 0.48812500 0.02625000 0.01125000
0 0.01500000 0.40562500 0.03000000 0.01375000
