0 0.55000000 0.67312500 0.04750000 0.02625000
0 0.63750000 0.86000000 0.02500000 0.01750000
0 0.60000000 0.74250000 0.04000000 0.01500000
0 0.65125000 0.89250000 0.02750000 0.01750000
0 0.68625000 0.17500000 0.03000000 0.02000000
0 0.07000000 0.89125000 0.03500000 0.02500000
0 0.63312500 0.72187500 0.03875000 0.01625000
0 0.63250000 0.77937500 0.03500000 0.01375000
0 0.85812500 0.80312500 0.02625000 0.01875000
0 0.78687500 0.82437500 0.01875000 0.01375000
0 0.75062500 0.07250000 0.01875000 0.02250000
0 0.84625000 0.00812500 0.03000000 0.01625000
0 0.80312500 0.71625000 0.02375000 0.01750000
0 0.75562500 0.76125000 0.01375000 0.02000000
0 0.76125000 0.44937500 0.05750000 0.02375000
0 0.59812500 0.05750000 0.01875000 0.03000000
0 0.43250000 0.16687500 0.06750000 0.05875000
0 0.01687500 0.84562500 0.03375000 0.02625000
0 0.66500000 0.79937500 0.02750000 0.01125000
0 0.69000000 0.77375000 0.03000000 0.01000000
0 0.19625000 0.69875000 0.04750000 0.03250000
0 0.26437500 0.73000000 0.04375000 0.02750000
0 0.71687500 0.72062500 0.03875000 0.01375000
0 0.84312500 0.74687500 0.01875000 0.01375000
0 0.85875000 0.36687500 0.05000000 0.02625000
0 0.60000000 0.31625000 0.03000000 0.01250000
0 0.70125000 0.28625000 0.03000000 0.01750000
0 0.91187500 0.14437500 0.03375000 0.02125000
0 0.81750000 0.20750000 0.02000000 0.02500000
