0 0.90500000 0.96500000 0.04500000 0.02250000
0 0.49875000 0.46250000 0.03000000 0.01500000
0 0.70187500 0.37375000 0.02625000 0.01500000
0 0.80250000 0.66000000 0.04500000 0.01500000
0 0.89500000 0.71437500 0.04500000 0.01375000
0 0.70687500 0.88375000 0.04125000 0.01750000
0 0.83875000 0.62000000 0.06250000 0.03250000
0 0.84937500 0.52000000 0.02375000 0.01000000
0 0.97375000 0.39937500 0.04000000 0.01375000
0 0.63812500 0.73875000 0.02125000 0.01500000
0 0.98812500 0.54250000 0.02375000 0.01250000
0 0.78875000 0.42125000 0.04000000 0.01500000
0 0.71375000 0.45937500 0.02500000 0.01375000
0 0.92937500 0.81125000 0.02125000 0.00750000
0 0.85562500 0.88500000 0.02875000 0.01250000
0 0.98125000 0.59875000 0.03750000 0.02250000
0 0.85062500 0.81500000 0.03375000 0.01750000
0 0.78000000 0.75062500 0.04250000 0.01875000
