0 0.67687500 0.65437500 0.03625000 0.02125000
0 0.55812500 0.49562500 0.04875000 0.02125000
0 0.04125000 0.25687500 0.05500000 0.01625000
0 0.33187500 0.25687500 0.05125000 0.01875000
0 0.08750000 0.70812500 0.03500000 0.01625000
0 0.46687500 0.69687500 0.03125000 0.01125000
0 0.32375000 0.40437500 0.02500000 0.01375000
0 0.10062500 0.42187500 0.04875000 0.02125000
0 0.25000000 0.66687500 0.05000000 0.01625000
0 0.28312500 0.54000000 0.04375000 0.01750000
0 0.25312500 0.46250000 0.01875000 0.01250000
0 0.42625000 0.45750000 0.04250000 0.02250000
0 0.39937500 0.62437500 0.03625000 0.01125000
0 0.21437500 0.33562500 0.04625000 0.01875000
0 0.93625000 0.89312500 0.12750000 0.04375000
0 0.34187500 0.87312500 0.07375000 0.02625000
