0 0.79937500 0.65062500 0.06125000 0.03875000
0 0.67125000 0.11187500 0.10500000 0.02375000
0 0.98000000 0.21000000 0.04000000 0.02000000
0 0.20187500 0.19500000 0.02625000 0.01500000
0 0.43937500 0.47750000 0.05125000 0.03250000
0 0.10375000 0.10812500 0.02750000 0.01375000
0 0.23437500 0.86125000 0.03375000 0.01500000
0 0.95312500 0.49937500 0.05875000 0.02875000
0 0.32375000 0.37750000 0.02250000 0.02000000
0 0.48812500 0.83375000 0.05875000 0.04750000
0 0.26187500 0.99375000 0.02375000 0.01250000
0 0.03000000 0.18250000 0.03000000 0.02250000
0 0.12687500 0.32812500 0.01875000 0.01125000
0 0.28312500 0.57187500 0.08125000 0.04375000
0 0.04312500 0.88125000 0.04125000 0.04000000
0 0.75375000 0.88562500 0.08500000 0.05625000
0 0.26250000 0.29000000 0.02500000 0.02000000
0 0.54812500 0.53687500 0.05375000 0.04875000
0 0.69000000 0.39750000 0.12250000 0.06750000
0 0.09437500 0.74687500 0.02375000 0.02625000
