0 0.77375000 0.93562500 0.05000000 0.02125000
0 0.97750000 0.88625000 0.04500000 0.02750000
0 0.42250000 0.43875000 0.04000000 0.01250000
0 0.30125000 0.67562500 0.02750000 0.01125000
0 0.82062500 0.56000000 0.02375000 0.01000000
0 0.15500000 0.96500000 0.04500000 0.02250000
0 0.38375000 0.82187500 0.04750000 0.01375000
0 0.58625000 0.39812500 0.03500000 0.01125000
0 0.64875000 0.30250000 0.03250000 0.01250000
0 0.34375000 0.35187500 0.02500000 0.01125000
0 0.97437500 0.26062500 0.02375000 0.01125000
0 0.38125000 0.71875000 0.05750000 0.01500000
0 0.58875000 0.71375000 0.04000000 0.01500000
0 0.25187500 0.86500000 0.02875000 0.01250000
0 0.05250000 0.66000000 0.04500000 0.01500000
0 0.14500000 0.71437500 0.04500000 0.01375000
0 0.08875000 0.62000000 0.06250000 0.03250000
0 0.70500000 0.28125000 0.03000000 0.01250000
0 0.33937500 0.44437500 0.02375000 0.02125000
0 0.91437500 0.68625000 0.05125000 0.02000000
0 0.75000000 0.77375000 0.04500000 0.01750000
0 0.49000000 0.33687500 0.02500000 0.01875000
0 0.09937500 0.52000000 0.02375000 0.01000000
0 0.22375000 0.39937500 0.04000000 0.01375000
0 0.23812500 0.54250000 0.02375000 0.01250000
0 0.56562500 0.62687500 0.04375000 0.01625000
0 0.92062500 0.43812500 0.05375000 0.01875000
0 0.79875000 0.29812500 0.04250000 0.01375000
0 0.74312500 0.52312500 0.03875000 0.01125000
0 0.55812500 0.28375000 0.03375000 0.01000000
0 0.75000000 0.66937500 0.04000000 0.01375000
0 0.03875000 0.42125000 0.04000000 0.01500000
0 0.26687500 0.74312500 0.02375000 0.00875000
0 0.33937500 0.29562500 0.02375000 0.01625000
0 0.17937500 0.81125000 0.02125000 0.00750000
0 0.46062500 0.59250000 0.03875000 0.01000000
0 0.10562500 0.88500000 0.02875000 0.01250000
0 0.23750000 0.59875000 0.05000000 0.02250000
0 0.10062500 0.81500000 0.03375000 0.01750000
0 0.35500000 0.58125000 0.05500000 0.01500000
0 0.03000000 0.75062500 0.04250000 0.01875000
0 0.52000000 0.53875000 0.05000000 0.02000000
0 0.76062500 0.40500000 0.03875000 0.01250000
0 0.63250000 0.48687500 0.04000000 0.01375000
