0 0.26437500 0.18375000 0.07375000 0.11250000
0 0.20937500 0.08312500 0.05875000 0.07125000
0 0.09062500 0.20250000 0.05625000 0.07000000
0 0.43250000 0.21187500 0.01750000 0.04375000
0 0.93125000 0.31250000 0.02000000 0.04250000
0 0.69250000 0.06687500 0.01750000 0.04375000
0 0.70875000 0.06187500 0.02000000 0.02125000
0 0.50750000 0.59812500 0.01750000 0.04375000
0 0.47875000 0.01250000 0.02750000 0.02500000
0 0.45687500 0.51875000 0.02125000 0.01750000
0 0.98375000 0.72000000 0.01250000 0.02750000
0 0.01000000 0.26875000 0.02000000 0.04500000
0 0.45750000 0.10250000 0.05000000 0.13750000
0 0.33562500 0.29062500 0.06625000 0.10375000
