0 0.77375000 0.18562500 0.05000000 0.02125000
0 0.97750000 0.13625000 0.04500000 0.02750000
0 0.15500000 0.21500000 0.04500000 0.02250000
0 0.38375000 0.07187500 0.04750000 0.01375000
0 0.25187500 0.11500000 0.02875000 0.01250000
0 0.05250000 0.38687500 0.03750000 0.03625000
0 0.24937500 0.49812500 0.11125000 0.03375000
0 0.75000000 0.02375000 0.04500000 0.01750000
0 0.45125000 0.27937500 0.10000000 0.02375000
0 0.17937500 0.06125000 0.02125000 0.00750000
0 0.46687500 0.61312500 0.10625000 0.03875000
0 0.10562500 0.13500000 0.02875000 0.01250000
0 0.10062500 0.06500000 0.03375000 0.01750000
0 0.83125000 0.65562500 0.10750000 0.02875000
0 0.03000000 0.00500000 0.04250000 0.01000000
