0 0.98375000 0.11125000 0.03250000 0.01500000
0 0.27875000 0.27125000 0.04000000 0.04500000
0 0.97562500 0.27437500 0.04875000 0.04875000
0 0.79375000 0.37312500 0.06750000 0.05125000
0 0.63250000 0.24000000 0.06000000 0.03750000
0 0.79312500 0.13125000 0.04125000 0.04000000
0 0.40687500 0.30625000 0.02625000 0.03000000
0 0.52437500 0.44125000 0.06625000 0.06500000
0 0.55687500 0.03437500 0.02375000 0.02125000
0 0.29750000 0.13437500 0.03750000 0.02625000
0 0.96250000 0.49125000 0.04750000 0.03500000
