0 0.93125000 0.79562500 0.03500000 0.02875000
0 0.67562500 0.55250000 0.02375000 0.01250000
0 0.17000000 0.88562500 0.02750000 0.04875000
0 0.10125000 0.45000000 0.03250000 0.04250000
0 0.57125000 0.35750000 0.04750000 0.01500000
0 0.25875000 0.56062500 0.01750000 0.06625000
0 0.32812500 0.84625000 0.03875000 0.04000000
0 0.19500000 0.72750000 0.02250000 0.02250000
0 0.98187500 0.91000000 0.03625000 0.02250000
0 0.65375000 0.46250000 0.03750000 0.01500000
0 0.80687500 0.63750000 0.04125000 0.01500000
0 0.25125000 0.35812500 0.04000000 0.03875000
0 0.63062500 0.75000000 0.04375000 0.04250000
0 0.08062500 0.66437500 0.02875000 0.04375000
0 0.60937500 0.59437500 0.04875000 0.01875000
0 0.78062500 0.91437500 0.01875000 0.04625000
0 0.79750000 0.91187500 0.01750000 0.02125000
0 0.79625000 0.71812500 0.04000000 0.01625000
0 0.01312500 0.50500000 0.02625000 0.03000000
