0 0.11562500 0.84500000 0.02625000 0.03500000
0 0.90500000 0.21500000 0.04500000 0.02250000
0 0.80250000 0.38687500 0.03750000 0.03625000
0 0.70687500 0.13375000 0.04125000 0.01750000
0 0.97187500 0.49875000 0.05625000 0.03250000
0 0.39437500 0.63125000 0.08875000 0.02500000
0 0.92937500 0.06125000 0.02125000 0.00750000
0 0.85562500 0.13500000 0.02875000 0.01250000
0 0.85062500 0.06500000 0.03375000 0.01750000
0 0.78000000 0.00500000 0.04250000 0.01000000
0 0.12562500 0.43250000 0.10375000 0.04500000
