0 0.59250000 0.49812500 0.02000000 0.01875000
0 0.52500000 0.73625000 0.02000000 0.02500000
0 0.55250000 0.77187500 0.01500000 0.01625000
0 0.60187500 0.78437500 0.01625000 0.01625000
0 0.63375000 0.72187500 0.01750000 0.01625000
0 0.36687500 0.76125000 0.02625000 0.02000000
0 0.43062500 0.69000000 0.02875000 0.02500000
0 0.50812500 0.56062500 0.02625000 0.02875000
0 0.63187500 0.68500000 0.01875000 0.01750000
0 0.57312500 0.66687500 0.01875000 0.01625000
0 0.47312500 0.79750000 0.02125000 0.01750000
0 0.55187500 0.68500000 0.01625000 0.01500000
0 0.51250000 0.76625000 0.02000000 0.01750000
0 0.60312500 0.75062500 0.01625000 0.01375000
0 0.71875000 0.49187500 0.05250000 0.02875000
0 0.52750000 0.70312500 0.01500000 0.01625000
0 0.54625000 0.71187500 0.01750000 0.01875000
