0 0.10812500 0.80312500 0.02625000 0.01875000
0 0.03687500 0.82437500 0.01875000 0.01375000
0 0.09625000 0.00812500 0.03000000 0.01625000
0 0.05312500 0.71625000 0.02375000 0.01750000
0 0.00625000 0.76125000 0.01250000 0.02000000
0 0.02000000 0.44875000 0.04000000 0.02250000
0 0.25437500 0.03562500 0.02125000 0.05125000
0 0.09312500 0.74687500 0.01875000 0.01375000
0 0.10875000 0.36687500 0.05000000 0.02625000
0 0.16187500 0.14437500 0.03375000 0.02125000
0 0.06750000 0.20750000 0.02000000 0.02500000
