0 0.04937500 0.65062500 0.06125000 0.03875000
0 0.86562500 0.84500000 0.02625000 0.03500000
0 0.25375000 0.21000000 0.08750000 0.02000000
0 0.20312500 0.49937500 0.05875000 0.02875000
0 0.55187500 0.47625000 0.07875000 0.03250000
0 0.66750000 0.22062500 0.08250000 0.02625000
0 0.49687500 0.01062500 0.09375000 0.02125000
0 0.02312500 0.88187500 0.04625000 0.04875000
0 0.66250000 0.72187500 0.04500000 0.01875000
0 0.87562500 0.43250000 0.10375000 0.04500000
0 0.64250000 0.70562500 0.13250000 0.05875000
