0 0.78125000 0.78750000 0.09750000 0.03750000
0 0.78187500 0.53562500 0.04375000 0.04125000
0 0.88125000 0.39125000 0.04000000 0.07000000
0 0.63250000 0.41750000 0.03250000 0.05500000
0 0.51187500 0.27250000 0.02125000 0.05500000
0 0.69937500 0.14250000 0.01875000 0.04500000
0 0.61937500 0.01250000 0.01375000 0.02500000
0 0.92000000 0.13562500 0.02750000 0.04875000
0 0.70500000 0.27875000 0.02500000 0.05250000
0 0.83812500 0.33562500 0.03375000 0.01875000
0 0.51125000 0.77687500 0.03500000 0.06375000
0 0.53937500 0.11375000 0.03125000 0.05000000
