0 0.188750 0.131250 0.025000 0.030000
0 0.210000 0.392500 0.015000 0.015000
0 0.285000 0.330625 0.022500 0.018750
0 0.072500 0.632500 0.015000 0.017500
0 0.133750 0.593750 0.012500 0.025000
0 0.121250 0.704375 0.012500 0.018750
0 0.166250 0.808125 0.022500 0.018750
0 0.150625 0.872500 0.016250 0.015000
0 0.023750 0.846875 0.025000 0.046250
0 0.230625 0.726250 0.008750 0.012500
0 0.221875 0.765625 0.013750 0.013750
0 0.109375 0.961875 0.016250 0.018750
0 0.426250 0.936875 0.035000 0.018750
0 0.383125 0.988125 0.016250 0.021250
0 0.441875 0.955000 0.021250 0.012500
0 0.446250 0.833125 0.012500 0.008750
0 0.475000 0.826875 0.017500 0.013750
0 0.503125 0.840000 0.021250 0.017500
0 0.488125 0.873125 0.018750 0.023750
0 0.481250 0.984375 0.047500 0.023750
0 0.269375 0.683125 0.008750 0.006250
0 0.276250 0.659375 0.007500 0.006250
0 0.272500 0.665625 0.007500 0.006250
