0 0.389375 0.604375 0.021250 0.031250
0 0.415000 0.600000 0.017500 0.027500
0 0.455625 0.536875 0.018750 0.018750
0 0.468125 0.578125 0.021250 0.018750
0 0.485000 0.597500 0.020000 0.025000
0 0.583125 0.747500 0.021250 0.017500
0 0.434375 0.926250 0.016250 0.032500
0 0.258125 0.818125 0.013750 0.008750
0 0.250000 0.855000 0.012500 0.010000
0 0.060625 0.584375 0.018750 0.016250
0 0.141875 0.540625 0.018750 0.011250
0 0.045000 0.626875 0.010000 0.016250
0 0.128750 0.608125 0.012500 0.016250
0 0.095625 0.820625 0.013750 0.016250
0 0.168125 0.916250 0.011250 0.007500
0 0.301250 0.718750 0.007500 0.005000
0 0.300625 0.726250 0.006250 0.005000
