0 0.326250 0.343750 0.015000 0.017500
0 0.357500 0.506250 0.022500 0.037500
0 0.427500 0.181250 0.030000 0.022500
0 0.639375 0.160625 0.018750 0.031250
0 0.504375 0.312500 0.013750 0.017500
0 0.491875 0.583125 0.013750 0.013750
0 0.583750 0.263125 0.017500 0.018750
0 0.171250 0.888750 0.017500 0.037500
0 0.330625 0.985000 0.021250 0.025000
0 0.737500 0.542500 0.015000 0.015000
0 0.735625 0.473750 0.013750 0.015000
0 0.882500 0.330000 0.015000 0.035000
0 0.856875 0.818750 0.018750 0.022500
0 0.927500 0.593125 0.010000 0.011250
0 0.940625 0.584375 0.011250 0.008750
