0 0.037500 0.956250 0.017500 0.020000
0 0.186875 0.776250 0.021250 0.020000
0 0.361250 0.563750 0.022500 0.020000
0 0.393750 0.696875 0.020000 0.026250
0 0.456875 0.756875 0.038750 0.021250
0 0.527500 0.789375 0.027500 0.028750
0 0.648125 0.644375 0.016250 0.021250
0 0.680625 0.949375 0.036250 0.021250
0 0.189375 0.563125 0.031250 0.026250
0 0.131875 0.574375 0.018750 0.023750
0 0.085000 0.563125 0.015000 0.016250
0 0.838750 0.128750 0.015000 0.035000
0 0.827500 0.090000 0.005000 0.012500
0 0.907500 0.046250 0.010000 0.012500
0 0.907500 0.496875 0.012500 0.011250
