0 0.306875 0.068125 0.051250 0.033750
0 0.248750 0.243750 0.015000 0.015000
0 0.603750 0.360000 0.012500 0.017500
0 0.733125 0.389375 0.013750 0.016250
0 0.666875 0.493750 0.013750 0.020000
0 0.672500 0.551250 0.017500 0.012500
0 0.653125 0.576875 0.023750 0.023750
0 0.896875 0.405625 0.023750 0.023750
0 0.928750 0.541875 0.025000 0.021250
0 0.216250 0.905625 0.020000 0.018750
0 0.296250 0.838125 0.022500 0.028750
0 0.368750 0.775000 0.022500 0.020000
0 0.400000 0.833125 0.020000 0.018750
0 0.568125 0.729375 0.016250 0.016250
0 0.512500 0.796875 0.012500 0.011250
0 0.506875 0.875000 0.018750 0.010000
0 0.825000 0.781250 0.032500 0.025000
0 0.921250 0.805625 0.015000 0.023750
0 0.891875 0.658750 0.016250 0.020000
