0 0.552500 0.160625 0.020000 0.043750
0 0.449375 0.291875 0.018750 0.031250
0 0.752500 0.245000 0.027500 0.025000
0 0.962500 0.521250 0.012500 0.017500
0 0.768750 0.496250 0.015000 0.012500
0 0.598125 0.318125 0.013750 0.013750
0 0.478125 0.425625 0.016250 0.033750
0 0.531875 0.427500 0.021250 0.032500
0 0.568750 0.455000 0.022500 0.022500
0 0.308125 0.363750 0.018750 0.027500
0 0.480000 0.592500 0.045000 0.060000
0 0.490625 0.698750 0.013750 0.037500
0 0.623750 0.500000 0.012500 0.017500
0 0.593750 0.515625 0.012500 0.023750
0 0.586250 0.575000 0.015000 0.030000
0 0.595625 0.661875 0.011250 0.016250
0 0.113125 0.405625 0.016250 0.016250
0 0.071250 0.563125 0.020000 0.023750
0 0.206250 0.421250 0.035000 0.025000
0 0.923125 0.775000 0.033750 0.030000
0 0.188125 0.757500 0.048750 0.030000
0 0.102500 0.636875 0.017500 0.018750
0 0.418125 0.678750 0.016250 0.017500
