0 0.798750 0.015000 0.037500 0.027500
0 0.754375 0.106250 0.013750 0.022500
0 0.801250 0.096875 0.022500 0.036250
0 0.926250 0.088750 0.015000 0.020000
0 0.278125 0.233750 0.018750 0.017500
0 0.457500 0.297500 0.022500 0.027500
0 0.686250 0.309375 0.012500 0.026250
0 0.761250 0.236250 0.022500 0.072500
0 0.843125 0.322500 0.026250 0.030000
0 0.396875 0.450000 0.016250 0.015000
0 0.431250 0.485625 0.017500 0.036250
0 0.535000 0.450625 0.012500 0.028750
0 0.752500 0.375625 0.017500 0.048750
0 0.748125 0.505000 0.018750 0.040000
0 0.379375 0.632500 0.011250 0.035000
0 0.481250 0.583750 0.020000 0.040000
0 0.424375 0.720625 0.018750 0.031250
0 0.749375 0.585000 0.021250 0.017500
0 0.953125 0.589375 0.013750 0.013750
0 0.940625 0.620625 0.036250 0.041250
0 0.709375 0.701250 0.026250 0.037500
0 0.908125 0.649375 0.011250 0.026250
0 0.631875 0.836875 0.018750 0.021250
0 0.648750 0.878125 0.015000 0.023750
0 0.630000 0.983125 0.020000 0.016250
0 0.731250 0.924375 0.015000 0.016250
0 0.773125 0.968750 0.021250 0.015000
0 0.193125 0.828750 0.021250 0.035000
0 0.265625 0.692500 0.021250 0.027500
0 0.265000 0.771250 0.022500 0.037500
0 0.277500 0.871250 0.015000 0.030000
0 0.820000 0.950625 0.017500 0.018750
