0 0.534375 0.350000 0.016250 0.017500
0 0.551250 0.938125 0.030000 0.021250
0 0.746250 0.913125 0.007500 0.011250
0 0.680000 0.355625 0.010000 0.013750
0 0.710000 0.442500 0.005000 0.015000
0 0.789375 0.042500 0.011250 0.020000
0 0.804375 0.068125 0.016250 0.011250
0 0.823125 0.073750 0.021250 0.010000
0 0.853750 0.078125 0.017500 0.011250
0 0.875625 0.081875 0.018750 0.011250
0 0.655625 0.251250 0.021250 0.015000
0 0.701250 0.237500 0.025000 0.012500
0 0.620625 0.813750 0.016250 0.032500
0 0.746875 0.613750 0.006250 0.010000
0 0.684375 0.638125 0.008750 0.008750
0 0.547500 0.385625 0.012500 0.006250
0 0.551875 0.391250 0.011250 0.007500
0 0.532500 0.368125 0.005000 0.011250
0 0.541875 0.368750 0.006250 0.010000
