0 0.064375 0.040625 0.016250 0.011250
0 0.110625 0.006875 0.023750 0.011250
0 0.223750 0.023125 0.025000 0.023750
0 0.203125 0.848125 0.016250 0.016250
0 0.196875 0.934375 0.013750 0.013750
0 0.632500 0.971250 0.007500 0.005000
0 0.685000 0.926250 0.007500 0.007500
0 0.794375 0.320000 0.018750 0.030000
0 0.827500 0.348750 0.017500 0.020000
0 0.870000 0.459375 0.007500 0.011250
0 0.856875 0.490000 0.021250 0.010000
0 0.886250 0.440000 0.022500 0.017500
0 0.907500 0.427500 0.012500 0.012500
0 0.941250 0.400625 0.020000 0.013750
0 0.954375 0.385625 0.023750 0.013750
0 0.913125 0.158125 0.011250 0.008750
0 0.926250 0.152500 0.010000 0.010000
0 0.823750 0.163125 0.012500 0.008750
0 0.981250 0.136250 0.017500 0.007500
0 0.890000 0.690000 0.012500 0.015000
0 0.914375 0.687500 0.013750 0.015000
0 0.933125 0.690000 0.011250 0.012500
0 0.945000 0.692500 0.012500 0.012500
0 0.958750 0.690625 0.012500 0.011250
