0 0.043750 0.788125 0.022500 0.023750
0 0.206250 0.781250 0.037500 0.020000
0 0.215625 0.866250 0.018750 0.020000
0 0.257500 0.617500 0.035000 0.022500
0 0.360000 0.501875 0.032500 0.023750
0 0.592500 0.634375 0.040000 0.026250
0 0.486875 0.873125 0.023750 0.018750
0 0.485000 0.978750 0.025000 0.015000
0 0.537500 0.931875 0.020000 0.016250
0 0.690000 0.899375 0.020000 0.018750
0 0.471875 0.996250 0.021250 0.007500
0 0.837500 0.346875 0.035000 0.023750
0 0.937500 0.312500 0.007500 0.012500
0 0.278125 0.043750 0.013750 0.020000
0 0.471875 0.013125 0.021250 0.011250
0 0.797500 0.101875 0.027500 0.018750
