0 0.337500 0.265625 0.017500 0.013750
0 0.360000 0.245625 0.020000 0.011250
0 0.408750 0.231250 0.015000 0.015000
0 0.436875 0.242500 0.008750 0.022500
0 0.429375 0.478125 0.013750 0.013750
0 0.414375 0.581875 0.011250 0.013750
0 0.351250 0.610625 0.010000 0.011250
0 0.486875 0.613750 0.011250 0.022500
0 0.571250 0.503750 0.017500 0.015000
0 0.696875 0.521250 0.016250 0.015000
0 0.756250 0.453125 0.012500 0.013750
0 0.928750 0.281250 0.015000 0.020000
0 0.995625 0.248750 0.008750 0.017500
0 0.703125 0.066250 0.018750 0.017500
0 0.088750 0.682500 0.017500 0.015000
0 0.066875 0.693125 0.008750 0.016250
0 0.056875 0.701875 0.008750 0.011250
0 0.054375 0.713750 0.018750 0.015000
0 0.070625 0.730000 0.013750 0.010000
0 0.104375 0.695625 0.018750 0.018750
0 0.155625 0.782500 0.008750 0.010000
0 0.186875 0.761875 0.021250 0.016250
