0 0.460625 0.357500 0.008750 0.007500
0 0.753750 0.540625 0.017500 0.021250
0 0.555000 0.153125 0.012500 0.011250
0 0.375625 0.636250 0.028750 0.007500
0 0.373750 0.629375 0.027500 0.008750
0 0.373750 0.623125 0.027500 0.008750
0 0.373750 0.614375 0.027500 0.008750
0 0.376250 0.605625 0.025000 0.008750
0 0.403750 0.540000 0.005000 0.005000
0 0.546250 0.550625 0.005000 0.006250
0 0.390625 0.657500 0.006250 0.005000
0 0.386875 0.665625 0.006250 0.006250
0 0.395625 0.498750 0.006250 0.005000
0 0.422500 0.483125 0.005000 0.006250
0 0.492500 0.532500 0.007500 0.005000
0 0.400000 0.492500 0.005000 0.005000
