0 0.682500 0.131250 0.005000 0.010000
0 0.672500 0.128125 0.005000 0.006250
0 0.616250 0.193125 0.005000 0.006250
0 0.608125 0.163750 0.006250 0.005000
0 0.605625 0.191250 0.006250 0.005000
0 0.578750 0.198750 0.005000 0.005000
0 0.566875 0.198125 0.006250 0.006250
0 0.553125 0.177500 0.003750 0.005000
0 0.553125 0.159375 0.006250 0.003750
0 0.548750 0.166250 0.005000 0.005000
0 0.725625 0.256875 0.006250 0.003750
0 0.685625 0.216875 0.006250 0.006250
0 0.619375 0.398125 0.003750 0.003750
0 0.076875 0.034375 0.008750 0.006250
0 0.469375 0.013750 0.008750 0.012500
0 0.463125 0.013750 0.006250 0.010000
0 0.458750 0.015625 0.007500 0.011250
0 0.453750 0.017500 0.007500 0.012500
0 0.488125 0.016250 0.003750 0.005000
