0 0.214375 0.156875 0.016250 0.023750
0 0.240000 0.148125 0.010000 0.023750
0 0.434375 0.070625 0.011250 0.013750
0 0.494375 0.120000 0.011250 0.017500
0 0.622500 0.060000 0.015000 0.010000
0 0.697500 0.113750 0.012500 0.017500
0 0.703750 0.022500 0.012500 0.012500
0 0.759375 0.076875 0.006250 0.008750
0 0.783750 0.089375 0.010000 0.013750
0 0.766875 0.120000 0.013750 0.012500
0 0.791250 0.153125 0.022500 0.033750
0 0.862500 0.128125 0.015000 0.011250
0 0.980625 0.094375 0.016250 0.018750
0 0.973750 0.135000 0.017500 0.022500
0 0.921875 0.056250 0.006250 0.007500
0 0.851250 0.250000 0.007500 0.012500
0 0.653125 0.269375 0.008750 0.006250
