0 0.041250 0.205000 0.040000 0.070000
0 0.040000 0.354375 0.037500 0.043750
0 0.069375 0.453750 0.031250 0.057500
0 0.191250 0.716875 0.037500 0.056250
0 0.227500 0.341875 0.030000 0.058750
0 0.226250 0.526250 0.032500 0.030000
0 0.390625 0.581250 0.016250 0.017500
0 0.435000 0.727500 0.040000 0.025000
0 0.405625 0.431250 0.031250 0.022500
0 0.300625 0.081875 0.023750 0.038750
0 0.471875 0.335000 0.043750 0.030000
0 0.539375 0.188125 0.021250 0.028750
0 0.616250 0.024375 0.045000 0.046250
0 0.655625 0.428125 0.023750 0.023750
0 0.749375 0.126250 0.038750 0.027500
0 0.573125 0.892500 0.016250 0.015000
0 0.606875 0.973125 0.021250 0.013750
0 0.849375 0.520000 0.008750 0.012500
