0 0.383750 0.560000 0.025000 0.015000
0 0.476875 0.420625 0.016250 0.023750
0 0.540000 0.335625 0.030000 0.021250
0 0.673750 0.806250 0.035000 0.032500
0 0.860625 0.796875 0.041250 0.023750
0 0.813125 0.918750 0.041250 0.022500
0 0.993750 0.968125 0.012500 0.008750
0 0.126875 0.459375 0.016250 0.008750
0 0.153125 0.435625 0.026250 0.016250
0 0.139375 0.316250 0.021250 0.017500
0 0.124375 0.288750 0.016250 0.010000
0 0.150000 0.278125 0.012500 0.013750
0 0.159375 0.257500 0.013750 0.020000
0 0.179375 0.270000 0.016250 0.017500
0 0.518125 0.125625 0.011250 0.013750
0 0.102500 0.591875 0.015000 0.011250
0 0.445625 0.150000 0.016250 0.015000
