0 0.039375 0.793750 0.043750 0.017500
0 0.014375 0.968750 0.026250 0.025000
0 0.144375 0.916875 0.021250 0.013750
0 0.168750 0.380000 0.020000 0.012500
0 0.373125 0.529375 0.018750 0.018750
0 0.753125 0.573750 0.031250 0.017500
0 0.906875 0.615625 0.036250 0.021250
0 0.805000 0.413125 0.037500 0.026250
0 0.945000 0.450000 0.037500 0.020000
0 0.691250 0.353750 0.025000 0.017500
0 0.628125 0.240000 0.021250 0.015000
0 0.771250 0.199375 0.027500 0.023750
0 0.914375 0.239375 0.023750 0.018750
0 0.800000 0.750625 0.045000 0.021250
0 0.975625 0.753750 0.036250 0.027500
0 0.463750 0.207500 0.025000 0.017500
0 0.480625 0.026250 0.018750 0.012500
