0 0.035000 0.875000 0.030000 0.022500
0 0.250625 0.901250 0.041250 0.025000
0 0.056875 0.547500 0.038750 0.025000
0 0.210000 0.725625 0.037500 0.026250
0 0.259375 0.681875 0.021250 0.021250
0 0.232500 0.621875 0.020000 0.018750
0 0.359375 0.624375 0.031250 0.031250
0 0.425625 0.746875 0.031250 0.023750
0 0.448125 0.846250 0.036250 0.025000
0 0.559375 0.678750 0.041250 0.022500
0 0.925000 0.801875 0.030000 0.026250
0 0.281875 0.395625 0.036250 0.021250
0 0.380625 0.347500 0.031250 0.025000
0 0.538750 0.427500 0.035000 0.017500
0 0.640625 0.333750 0.033750 0.020000
0 0.049375 0.138750 0.036250 0.025000
0 0.065625 0.301250 0.033750 0.027500
0 0.225625 0.236250 0.028750 0.020000
0 0.292500 0.098125 0.020000 0.016250
