0 0.646250 0.147500 0.017500 0.017500
0 0.939375 0.027500 0.038750 0.027500
0 0.845000 0.710625 0.017500 0.018750
0 0.229375 0.565625 0.008750 0.006250
0 0.241250 0.578125 0.015000 0.008750
0 0.288750 0.592500 0.012500 0.017500
0 0.305000 0.584375 0.017500 0.011250
0 0.304375 0.598125 0.011250 0.011250
0 0.818750 0.832500 0.012500 0.007500
0 0.831250 0.831875 0.010000 0.011250
0 0.835000 0.841250 0.005000 0.007500
0 0.828125 0.910625 0.008750 0.011250
0 0.829375 0.928125 0.011250 0.016250
0 0.876875 0.928125 0.008750 0.018750
0 0.877500 0.942500 0.012500 0.010000
0 0.875625 0.955625 0.008750 0.013750
0 0.866875 0.965000 0.008750 0.010000
