0 0.491250 0.473750 0.017500 0.017500
0 0.506250 0.434375 0.012500 0.013750
0 0.533125 0.458750 0.016250 0.012500
0 0.458125 0.931875 0.013750 0.018750
0 0.483125 0.940000 0.013750 0.020000
0 0.496875 0.893750 0.008750 0.017500
0 0.533750 0.873750 0.020000 0.020000
0 0.511250 0.889375 0.017500 0.026250
0 0.530000 0.895000 0.012500 0.015000
0 0.555000 0.889375 0.012500 0.008750
0 0.563750 0.878125 0.015000 0.008750
0 0.511875 0.909375 0.016250 0.016250
0 0.563125 0.895625 0.013750 0.011250
0 0.809375 0.195000 0.006250 0.005000
0 0.811875 0.255000 0.006250 0.010000
