0 0.067500 0.782500 0.027500 0.017500
0 0.088750 0.767500 0.017500 0.012500
0 0.100000 0.751250 0.015000 0.015000
0 0.765625 0.534375 0.018750 0.026250
0 0.869375 0.919375 0.046250 0.026250
0 0.986875 0.397500 0.021250 0.037500
0 0.981250 0.594375 0.037500 0.031250
0 0.771875 0.016250 0.026250 0.030000
0 0.172500 0.253750 0.015000 0.020000
0 0.193750 0.255000 0.022500 0.025000
0 0.101250 0.285000 0.017500 0.030000
0 0.070625 0.275000 0.013750 0.022500
0 0.055625 0.288750 0.023750 0.035000
0 0.023125 0.290625 0.023750 0.033750
0 0.016875 0.433750 0.008750 0.015000
