0 0.111250 0.765000 0.047500 0.032500
0 0.278750 0.721875 0.032500 0.031250
0 0.173750 0.465625 0.032500 0.036250
0 0.111875 0.308125 0.026250 0.023750
0 0.305000 0.365625 0.035000 0.033750
0 0.309375 0.194375 0.023750 0.018750
0 0.402500 0.270000 0.032500 0.025000
0 0.079375 0.882500 0.046250 0.042500
0 0.499375 0.510625 0.041250 0.041250
0 0.485625 0.023125 0.026250 0.021250
0 0.569375 0.184375 0.033750 0.023750
0 0.704375 0.191250 0.031250 0.022500
0 0.653750 0.011250 0.037500 0.020000
0 0.798125 0.036250 0.033750 0.020000
0 0.946875 0.106875 0.043750 0.031250
