0 0.433750 0.257500 0.012500 0.020000
0 0.758750 0.031875 0.065000 0.061250
0 0.551250 0.221875 0.022500 0.028750
0 0.764375 0.202500 0.038750 0.035000
0 0.532500 0.290000 0.012500 0.017500
0 0.591875 0.323125 0.011250 0.016250
0 0.571875 0.398750 0.028750 0.022500
0 0.591875 0.529375 0.078750 0.106250
0 0.836875 0.295625 0.031250 0.036250
0 0.773125 0.603750 0.023750 0.030000
0 0.913750 0.570625 0.060000 0.066250
0 0.728750 0.851875 0.057500 0.051250
0 0.853750 0.872500 0.060000 0.055000
0 0.925625 0.984375 0.033750 0.031250
0 0.982500 0.908750 0.035000 0.040000
