0 0.737500 0.676250 0.020000 0.020000
0 0.799375 0.631250 0.011250 0.027500
0 0.934375 0.674375 0.056250 0.023750
0 0.875000 0.553750 0.007500 0.010000
0 0.883125 0.539375 0.008750 0.013750
0 0.777500 0.827500 0.020000 0.040000
0 0.805625 0.919375 0.028750 0.013750
0 0.805000 0.934375 0.027500 0.011250
0 0.846875 0.923750 0.008750 0.007500
0 0.810000 0.728750 0.007500 0.010000
0 0.703125 0.790000 0.006250 0.010000
0 0.893125 0.375000 0.006250 0.007500
0 0.653125 0.951250 0.008750 0.015000
0 0.965000 0.478125 0.042500 0.026250
0 0.813750 0.431250 0.012500 0.017500
0 0.824375 0.448750 0.008750 0.010000
0 0.980000 0.410000 0.005000 0.005000
