0 0.120000 0.469375 0.037500 0.028750
0 0.179375 0.522500 0.028750 0.032500
0 0.251875 0.562500 0.051250 0.047500
0 0.279375 0.640000 0.016250 0.022500
0 0.340000 0.598125 0.025000 0.016250
0 0.350000 0.631875 0.017500 0.018750
0 0.290000 0.771250 0.025000 0.050000
0 0.328125 0.728125 0.016250 0.018750
0 0.363125 0.743125 0.016250 0.028750
0 0.411875 0.781875 0.021250 0.028750
0 0.443750 0.833750 0.012500 0.015000
0 0.321250 0.873750 0.025000 0.050000
0 0.393750 0.855625 0.022500 0.021250
0 0.521250 0.935625 0.015000 0.026250
0 0.230000 0.426250 0.032500 0.022500
0 0.275000 0.501875 0.025000 0.016250
0 0.470625 0.982500 0.041250 0.017500
0 0.446875 0.724375 0.008750 0.013750
0 0.988750 0.565625 0.022500 0.018750
0 0.120000 0.355000 0.007500 0.007500
0 0.128750 0.355625 0.005000 0.006250
0 0.134375 0.355000 0.006250 0.010000
