0 0.770000 0.606250 0.010000 0.010000
0 0.695000 0.502500 0.010000 0.007500
0 0.615625 0.499375 0.006250 0.003750
0 0.611250 0.512500 0.007500 0.010000
0 0.608750 0.550625 0.012500 0.013750
0 0.614375 0.577500 0.008750 0.007500
0 0.613750 0.625625 0.010000 0.008750
0 0.635625 0.327500 0.006250 0.007500
0 0.641875 0.343750 0.008750 0.010000
0 0.625000 0.490000 0.007500 0.005000
0 0.658125 0.476875 0.006250 0.008750
0 0.645000 0.476875 0.005000 0.006250
0 0.740000 0.583750 0.005000 0.005000
0 0.728750 0.563125 0.005000 0.006250
0 0.729375 0.573750 0.003750 0.005000
0 0.735000 0.571875 0.005000 0.006250
0 0.734375 0.578125 0.003750 0.006250
0 0.721875 0.553125 0.003750 0.008750
0 0.727500 0.556875 0.005000 0.003750
0 0.739375 0.559375 0.003750 0.006250
0 0.743750 0.565000 0.005000 0.005000
0 0.715000 0.530000 0.005000 0.005000
0 0.882500 0.830625 0.005000 0.003750
0 0.886875 0.820625 0.003750 0.006250
0 0.794375 0.682500 0.006250 0.005000
0 0.793750 0.691875 0.005000 0.006250
0 0.786875 0.712500 0.006250 0.007500
0 0.796250 0.715000 0.005000 0.007500
0 0.796875 0.721875 0.006250 0.003750
0 0.789375 0.748125 0.006250 0.003750
0 0.804375 0.746250 0.006250 0.007500
0 0.851875 0.790625 0.006250 0.006250
0 0.871875 0.801875 0.003750 0.003750
0 0.856875 0.805000 0.003750 0.005000
0 0.835625 0.783750 0.003750 0.005000
0 0.838125 0.776250 0.003750 0.005000
0 0.881250 0.808750 0.002500 0.005000
0 0.814375 0.773750 0.003750 0.005000
0 0.788750 0.730000 0.005000 0.005000
0 0.797500 0.729375 0.005000 0.003750
0 0.808125 0.768750 0.003750 0.005000
0 0.813125 0.766875 0.003750 0.006250
0 0.826875 0.775000 0.003750 0.005000
0 0.800625 0.752500 0.003750 0.007500
0 0.808750 0.752500 0.005000 0.007500
0 0.845625 0.793125 0.003750 0.006250
0 0.868125 0.808750 0.003750 0.005000
0 0.823125 0.765625 0.003750 0.003750
