0 0.532500 0.491250 0.010000 0.010000
0 0.546875 0.513125 0.006250 0.011250
0 0.443125 0.419375 0.006250 0.008750
0 0.861250 0.553750 0.005000 0.007500
0 0.796875 0.618125 0.006250 0.006250
0 0.816250 0.636250 0.007500 0.007500
0 0.788750 0.610000 0.005000 0.005000
0 0.801250 0.623750 0.005000 0.007500
0 0.925000 0.710625 0.005000 0.006250
0 0.937500 0.735000 0.007500 0.010000
0 0.950625 0.744375 0.006250 0.006250
0 0.953750 0.755000 0.005000 0.007500
0 0.932500 0.807500 0.007500 0.007500
0 0.965000 0.843750 0.005000 0.007500
0 0.981250 0.860000 0.005000 0.005000
0 0.930000 0.778750 0.005000 0.007500
0 0.943125 0.790000 0.006250 0.010000
0 0.887500 0.678125 0.007500 0.008750
0 0.818750 0.581250 0.005000 0.005000
0 0.872500 0.673750 0.005000 0.005000
0 0.793750 0.603125 0.005000 0.006250
0 0.796875 0.612500 0.003750 0.007500
0 0.931875 0.771250 0.003750 0.007500
0 0.945000 0.780000 0.007500 0.005000
0 0.929375 0.793125 0.006250 0.006250
0 0.943750 0.803750 0.007500 0.010000
0 0.943750 0.762500 0.005000 0.007500
0 0.931250 0.719375 0.007500 0.006250
0 0.935625 0.755625 0.006250 0.011250
0 0.934375 0.743750 0.006250 0.007500
0 0.888125 0.685625 0.003750 0.006250
0 0.929375 0.881875 0.006250 0.006250
0 0.952500 0.871875 0.007500 0.006250
0 0.946875 0.843750 0.006250 0.007500
0 0.941250 0.875625 0.007500 0.006250
0 0.956875 0.763125 0.003750 0.006250
0 0.936875 0.766875 0.003750 0.008750
0 0.831250 0.638750 0.005000 0.007500
0 0.844375 0.645625 0.006250 0.006250
0 0.850000 0.560000 0.007500 0.010000
