0 0.007500 0.509375 0.012500 0.023750
0 0.014375 0.535625 0.008750 0.011250
0 0.048125 0.490000 0.011250 0.010000
0 0.065625 0.593750 0.006250 0.007500
0 0.086875 0.653750 0.006250 0.007500
0 0.081250 0.678125 0.005000 0.008750
0 0.083750 0.699375 0.007500 0.008750
0 0.155625 0.768125 0.008750 0.011250
0 0.211250 0.791875 0.005000 0.006250
0 0.229375 0.782500 0.011250 0.012500
0 0.246250 0.777500 0.012500 0.015000
0 0.395625 0.798750 0.008750 0.012500
0 0.282500 0.848750 0.010000 0.007500
0 0.417500 0.790000 0.010000 0.010000
0 0.468750 0.794375 0.010000 0.008750
0 0.486875 0.773750 0.011250 0.015000
0 0.775625 0.764375 0.011250 0.011250
0 0.789375 0.751875 0.011250 0.008750
0 0.350625 0.929375 0.011250 0.018750
0 0.384375 0.906250 0.011250 0.017500
0 0.531250 0.985000 0.015000 0.015000
0 0.750000 0.561250 0.010000 0.012500
0 0.085000 0.949375 0.005000 0.008750
0 0.093125 0.955625 0.006250 0.006250
0 0.061875 0.606250 0.006250 0.005000
0 0.737500 0.650000 0.005000 0.007500
0 0.738750 0.658750 0.007500 0.005000
0 0.736250 0.666875 0.007500 0.006250
0 0.591875 0.716250 0.006250 0.007500
0 0.603750 0.714375 0.007500 0.006250
0 0.616250 0.712500 0.007500 0.007500
0 0.631875 0.708125 0.006250 0.006250
