0 0.906250 0.357500 0.012500 0.012500
0 0.911875 0.380000 0.013750 0.012500
0 0.878750 0.380000 0.010000 0.015000
0 0.711875 0.472500 0.011250 0.010000
0 0.736875 0.479375 0.011250 0.008750
0 0.788125 0.429375 0.008750 0.008750
0 0.853125 0.400000 0.008750 0.007500
0 0.874375 0.414375 0.011250 0.013750
0 0.884375 0.421250 0.006250 0.010000
0 0.890625 0.431875 0.011250 0.011250
0 0.908750 0.443125 0.010000 0.011250
0 0.925000 0.451875 0.010000 0.011250
0 0.947500 0.461250 0.010000 0.010000
0 0.978125 0.433750 0.018750 0.015000
0 0.979375 0.511250 0.006250 0.010000
0 0.993750 0.504375 0.010000 0.018750
0 0.417500 0.775000 0.012500 0.010000
0 0.815625 0.446250 0.008750 0.007500
0 0.806250 0.415625 0.007500 0.006250
0 0.799375 0.408125 0.006250 0.006250
0 0.806875 0.401875 0.003750 0.003750
0 0.815000 0.404375 0.005000 0.006250
0 0.842500 0.389375 0.005000 0.003750
0 0.876250 0.344375 0.005000 0.008750
0 0.870625 0.347500 0.006250 0.005000
0 0.888750 0.297500 0.005000 0.005000
0 0.880625 0.281250 0.006250 0.005000
0 0.883125 0.314375 0.006250 0.006250
0 0.875625 0.327500 0.008750 0.007500
0 0.882500 0.321875 0.007500 0.008750
0 0.884375 0.304375 0.006250 0.006250
0 0.884375 0.289375 0.006250 0.011250
0 0.863125 0.183750 0.006250 0.005000
0 0.872500 0.140625 0.005000 0.013750
0 0.876875 0.164375 0.003750 0.006250
0 0.881250 0.168125 0.005000 0.006250
0 0.886875 0.175625 0.006250 0.006250
0 0.883125 0.183750 0.006250 0.007500
0 0.891250 0.195625 0.005000 0.006250
0 0.914375 0.251875 0.006250 0.011250
0 0.916875 0.326250 0.006250 0.007500
0 0.894375 0.218125 0.006250 0.006250
0 0.884375 0.208750 0.006250 0.005000
0 0.891875 0.283750 0.006250 0.010000
0 0.885625 0.278125 0.003750 0.008750
0 0.913750 0.268750 0.007500 0.010000
0 0.914375 0.278750 0.006250 0.010000
0 0.910000 0.318750 0.005000 0.005000
0 0.922500 0.291250 0.005000 0.007500
0 0.921250 0.312500 0.005000 0.007500
0 0.911875 0.311250 0.006250 0.007500
0 0.912500 0.298750 0.005000 0.012500
0 0.922500 0.302500 0.005000 0.010000
0 0.917500 0.303750 0.005000 0.007500
0 0.915000 0.288750 0.010000 0.007500
0 0.900000 0.254375 0.005000 0.006250
0 0.899375 0.261250 0.006250 0.005000
0 0.891250 0.246250 0.005000 0.005000
