0 0.578750 0.577500 0.005000 0.007500
0 0.580000 0.434375 0.007500 0.008750
0 0.568750 0.441250 0.007500 0.007500
0 0.579375 0.508750 0.006250 0.005000
0 0.573750 0.510625 0.007500 0.006250
0 0.580625 0.515625 0.008750 0.006250
0 0.607500 0.609375 0.005000 0.006250
0 0.603125 0.623125 0.006250 0.008750
0 0.615625 0.626875 0.006250 0.006250
0 0.612500 0.631875 0.005000 0.008750
0 0.606250 0.655000 0.005000 0.005000
0 0.611250 0.641250 0.007500 0.005000
0 0.613125 0.652500 0.008750 0.010000
0 0.675000 0.703125 0.007500 0.006250
0 0.669375 0.722500 0.008750 0.010000
0 0.682500 0.788125 0.005000 0.006250
0 0.681875 0.794375 0.008750 0.006250
0 0.689375 0.866250 0.006250 0.010000
0 0.700000 0.835000 0.007500 0.007500
0 0.673750 0.878750 0.007500 0.005000
0 0.668750 0.855625 0.007500 0.008750
