0 0.630000 0.285625 0.007500 0.013750
0 0.810625 0.584375 0.006250 0.006250
0 0.803750 0.584375 0.005000 0.003750
0 0.800000 0.588750 0.005000 0.005000
0 0.820625 0.601875 0.006250 0.006250
0 0.812500 0.590000 0.005000 0.005000
0 0.813750 0.623125 0.005000 0.006250
0 0.813750 0.674375 0.005000 0.006250
0 0.800000 0.645000 0.007500 0.005000
0 0.840625 0.687500 0.006250 0.005000
0 0.839375 0.698750 0.003750 0.005000
0 0.835625 0.729375 0.006250 0.006250
0 0.833750 0.745625 0.005000 0.006250
0 0.786250 0.761250 0.005000 0.007500
0 0.833750 0.629375 0.005000 0.003750
0 0.831875 0.718125 0.003750 0.006250
0 0.844375 0.706250 0.003750 0.005000
0 0.826250 0.645000 0.005000 0.005000
0 0.827500 0.655000 0.005000 0.005000
