0 0.343125 0.033750 0.006250 0.007500
0 0.338750 0.046875 0.007500 0.006250
0 0.329375 0.065625 0.006250 0.003750
0 0.329375 0.074375 0.008750 0.006250
0 0.328750 0.080000 0.005000 0.007500
0 0.338125 0.082500 0.008750 0.007500
0 0.337500 0.091250 0.005000 0.005000
0 0.335000 0.102500 0.005000 0.005000
0 0.329375 0.115625 0.006250 0.006250
0 0.327500 0.129375 0.007500 0.006250
0 0.300000 0.166875 0.005000 0.006250
0 0.331250 0.248750 0.005000 0.007500
0 0.323750 0.241875 0.005000 0.008750
0 0.326250 0.262500 0.010000 0.005000
0 0.321250 0.271250 0.007500 0.005000
0 0.307500 0.265625 0.005000 0.006250
0 0.291250 0.266250 0.007500 0.007500
0 0.301875 0.268750 0.006250 0.007500
0 0.307500 0.276250 0.005000 0.005000
