0 0.112500 0.495000 0.010000 0.007500
0 0.136875 0.478750 0.006250 0.005000
0 0.094375 0.531875 0.006250 0.006250
0 0.105000 0.617500 0.005000 0.005000
0 0.120000 0.683750 0.007500 0.005000
0 0.093750 0.706250 0.005000 0.005000
0 0.092500 0.694375 0.005000 0.006250
0 0.098750 0.701250 0.005000 0.005000
0 0.103125 0.708750 0.006250 0.005000
0 0.106250 0.719375 0.005000 0.006250
0 0.116875 0.693125 0.006250 0.006250
0 0.110000 0.693125 0.005000 0.006250
0 0.053750 0.706250 0.005000 0.007500
0 0.110625 0.715000 0.003750 0.005000
0 0.053750 0.743750 0.005000 0.007500
0 0.127500 0.616250 0.005000 0.007500
0 0.122500 0.629375 0.005000 0.006250
