0 0.535625 0.185000 0.008750 0.010000
0 0.528750 0.238125 0.010000 0.011250
0 0.716875 0.233750 0.011250 0.015000
0 0.630000 0.473750 0.010000 0.010000
0 0.570625 0.280000 0.006250 0.005000
0 0.565625 0.274375 0.003750 0.006250
0 0.607500 0.281875 0.005000 0.006250
0 0.680000 0.780625 0.010000 0.008750
0 0.688750 0.377500 0.005000 0.005000
0 0.673750 0.376875 0.002500 0.003750
0 0.658750 0.392500 0.005000 0.005000
0 0.700000 0.399375 0.005000 0.006250
0 0.710625 0.418125 0.003750 0.003750
0 0.700625 0.466250 0.006250 0.005000
0 0.702500 0.431875 0.007500 0.006250
0 0.708750 0.446875 0.007500 0.006250
0 0.673750 0.425000 0.007500 0.005000
0 0.690625 0.430000 0.006250 0.005000
0 0.689375 0.417500 0.006250 0.005000
0 0.673750 0.419375 0.005000 0.003750
0 0.682500 0.762500 0.007500 0.005000
0 0.629375 0.721875 0.011250 0.008750
0 0.607500 0.736875 0.007500 0.006250
0 0.414375 0.664375 0.006250 0.006250
0 0.443750 0.674375 0.007500 0.006250
0 0.661875 0.713125 0.008750 0.006250
0 0.608750 0.757500 0.005000 0.005000
0 0.611875 0.762500 0.008750 0.007500
0 0.625000 0.784375 0.007500 0.003750
0 0.586875 0.733125 0.006250 0.006250
0 0.603125 0.732500 0.006250 0.005000
0 0.563125 0.696250 0.003750 0.007500
0 0.508750 0.657500 0.005000 0.005000
0 0.538125 0.677500 0.003750 0.005000
0 0.548125 0.710000 0.006250 0.005000
0 0.623125 0.758125 0.006250 0.006250
0 0.608750 0.770000 0.005000 0.005000
0 0.569375 0.702500 0.006250 0.005000
0 0.480625 0.663125 0.006250 0.006250
0 0.620000 0.767500 0.005000 0.005000
0 0.619375 0.778125 0.006250 0.006250
0 0.634375 0.775625 0.003750 0.006250
0 0.560625 0.721250 0.006250 0.005000
0 0.573750 0.731875 0.007500 0.006250
0 0.567500 0.723750 0.007500 0.005000
0 0.553125 0.700000 0.003750 0.005000
0 0.558125 0.692500 0.003750 0.005000
0 0.515625 0.668750 0.006250 0.005000
0 0.466875 0.668750 0.003750 0.005000
0 0.646250 0.713125 0.005000 0.006250
0 0.670625 0.707500 0.003750 0.005000
0 0.633125 0.751875 0.008750 0.008750
0 0.640625 0.762500 0.006250 0.005000
0 0.627500 0.775000 0.007500 0.005000
0 0.625000 0.764375 0.007500 0.006250
0 0.633750 0.768750 0.005000 0.007500
0 0.588750 0.756250 0.005000 0.005000
0 0.576875 0.743125 0.006250 0.003750
0 0.563125 0.710000 0.006250 0.007500
0 0.555000 0.715000 0.005000 0.005000
0 0.555625 0.707500 0.011250 0.007500
0 0.651250 0.698125 0.005000 0.006250
0 0.619375 0.710625 0.006250 0.006250
0 0.423750 0.654375 0.007500 0.006250
0 0.717500 0.461875 0.005000 0.003750
0 0.673125 0.396875 0.008750 0.006250
