0 0.365000 0.537500 0.007500 0.010000
0 0.415000 0.618125 0.007500 0.006250
0 0.675625 0.271250 0.021250 0.022500
0 0.713750 0.341875 0.037500 0.021250
0 0.856250 0.327500 0.030000 0.035000
0 0.246875 0.651250 0.006250 0.007500
0 0.151875 0.587500 0.006250 0.007500
0 0.141875 0.587500 0.006250 0.007500
0 0.145000 0.616250 0.005000 0.007500
0 0.152500 0.620000 0.005000 0.005000
0 0.188750 0.633125 0.005000 0.006250
0 0.198750 0.621250 0.005000 0.007500
0 0.230000 0.635000 0.005000 0.005000
0 0.224375 0.635000 0.003750 0.005000
0 0.163750 0.636875 0.005000 0.003750
0 0.226875 0.624375 0.003750 0.006250
0 0.217500 0.630625 0.005000 0.003750
0 0.215000 0.636250 0.005000 0.005000
0 0.233125 0.620625 0.003750 0.006250
