0 0.223125 0.411250 0.016250 0.012500
0 0.273750 0.364375 0.012500 0.013750
0 0.295625 0.340000 0.011250 0.015000
0 0.294375 0.398125 0.011250 0.013750
0 0.302500 0.412500 0.012500 0.012500
0 0.321250 0.528750 0.015000 0.012500
0 0.310000 0.589375 0.010000 0.016250
0 0.333750 0.628125 0.007500 0.011250
0 0.073125 0.729375 0.008750 0.011250
0 0.215625 0.782500 0.016250 0.012500
0 0.379375 0.925000 0.016250 0.017500
0 0.391875 0.780000 0.013750 0.012500
0 0.574375 0.774375 0.011250 0.011250
0 0.445000 0.710000 0.012500 0.012500
0 0.463750 0.733125 0.012500 0.013750
0 0.731250 0.415000 0.012500 0.015000
0 0.440625 0.500000 0.013750 0.015000
0 0.601875 0.097500 0.011250 0.012500
0 0.294375 0.940000 0.011250 0.010000
0 0.453750 0.251250 0.015000 0.022500
0 0.540625 0.217500 0.013750 0.015000
0 0.695000 0.528125 0.015000 0.016250
0 0.455625 0.785625 0.011250 0.011250
0 0.066875 0.769375 0.011250 0.018750
0 0.718125 0.725625 0.011250 0.011250
