0 0.327500 0.793750 0.012500 0.017500
0 0.346875 0.820625 0.011250 0.011250
0 0.366250 0.822500 0.010000 0.012500
0 0.391250 0.853125 0.010000 0.013750
0 0.410000 0.879375 0.010000 0.011250
0 0.425000 0.953750 0.010000 0.007500
0 0.526875 0.990625 0.008750 0.008750
0 0.470000 0.983750 0.010000 0.012500
0 0.480625 0.951250 0.006250 0.010000
0 0.465625 0.958750 0.011250 0.012500
0 0.466875 0.968125 0.011250 0.011250
0 0.461875 0.933125 0.013750 0.011250
0 0.104375 0.359375 0.008750 0.018750
0 0.120625 0.358750 0.011250 0.015000
0 0.111250 0.328750 0.010000 0.010000
0 0.200625 0.710000 0.013750 0.015000
0 0.225625 0.740000 0.011250 0.017500
0 0.249375 0.760000 0.011250 0.012500
0 0.283750 0.779375 0.010000 0.013750
