0 0.575625 0.075625 0.016250 0.023750
0 0.576875 0.700625 0.018750 0.016250
0 0.996875 0.137500 0.006250 0.005000
0 0.984375 0.135625 0.006250 0.008750
0 0.989375 0.115000 0.008750 0.010000
0 0.977500 0.115000 0.010000 0.010000
0 0.966875 0.106875 0.011250 0.011250
0 0.936250 0.100625 0.007500 0.008750
0 0.948125 0.103750 0.011250 0.007500
0 0.953125 0.095000 0.008750 0.010000
0 0.939375 0.087500 0.008750 0.010000
0 0.953125 0.079375 0.011250 0.013750
0 0.963750 0.076875 0.007500 0.008750
0 0.968125 0.061250 0.006250 0.010000
0 0.974375 0.093125 0.006250 0.006250
0 0.973125 0.083125 0.008750 0.008750
0 0.972500 0.074375 0.007500 0.006250
0 0.978750 0.059375 0.007500 0.008750
0 0.984375 0.070000 0.008750 0.010000
0 0.990625 0.080625 0.003750 0.006250
0 0.993750 0.088125 0.007500 0.006250
0 0.996250 0.063125 0.007500 0.006250
