0 0.459375 0.836250 0.016250 0.020000
0 0.665625 0.485000 0.016250 0.015000
0 0.715625 0.406875 0.018750 0.013750
0 0.111875 0.261250 0.023750 0.030000
0 0.005000 0.138125 0.007500 0.011250
0 0.006250 0.095000 0.010000 0.007500
0 0.036250 0.063125 0.007500 0.008750
0 0.021250 0.073125 0.015000 0.008750
0 0.014375 0.090000 0.011250 0.005000
0 0.016250 0.110625 0.012500 0.008750
0 0.030625 0.101875 0.011250 0.008750
0 0.025625 0.087500 0.008750 0.007500
0 0.056250 0.075625 0.010000 0.008750
0 0.055625 0.099375 0.008750 0.011250
0 0.035625 0.117500 0.011250 0.010000
0 0.062500 0.124375 0.012500 0.008750
0 0.077500 0.088125 0.010000 0.011250
0 0.076875 0.112500 0.013750 0.010000
0 0.091250 0.102500 0.012500 0.012500
0 0.068125 0.162500 0.011250 0.007500
0 0.105625 0.160000 0.013750 0.010000
0 0.177500 0.169375 0.015000 0.018750
