0 0.776250 0.181875 0.032500 0.046250
0 0.802500 0.243750 0.015000 0.027500
0 0.826250 0.315625 0.027500 0.028750
0 0.816250 0.379375 0.015000 0.033750
0 0.801250 0.683750 0.015000 0.032500
0 0.845625 0.750625 0.011250 0.016250
0 0.701875 0.037500 0.013750 0.020000
0 0.742500 0.053125 0.012500 0.013750
0 0.592500 0.103750 0.012500 0.012500
0 0.615625 0.093125 0.018750 0.011250
0 0.621875 0.160000 0.016250 0.015000
0 0.644375 0.133750 0.013750 0.015000
0 0.419375 0.271875 0.008750 0.016250
0 0.425000 0.301250 0.012500 0.017500
0 0.442500 0.276875 0.015000 0.021250
