0 0.214375 0.233125 0.008750 0.008750
0 0.241250 0.224375 0.007500 0.008750
0 0.348125 0.233750 0.008750 0.010000
0 0.362500 0.263750 0.007500 0.007500
0 0.368125 0.270625 0.006250 0.006250
0 0.413125 0.341250 0.008750 0.007500
0 0.315000 0.388750 0.007500 0.007500
0 0.384375 0.391875 0.006250 0.008750
0 0.381250 0.414375 0.007500 0.008750
0 0.376250 0.471250 0.007500 0.007500
0 0.816250 0.356875 0.012500 0.011250
0 0.846875 0.383750 0.008750 0.012500
0 0.862500 0.406875 0.010000 0.011250
0 0.880625 0.434375 0.011250 0.008750
0 0.375625 0.370625 0.006250 0.006250
0 0.333125 0.416250 0.003750 0.005000
0 0.391875 0.353125 0.003750 0.003750
0 0.395625 0.368750 0.006250 0.005000
0 0.361875 0.363125 0.003750 0.003750
0 0.374375 0.361250 0.006250 0.005000
0 0.365000 0.370625 0.005000 0.003750
0 0.338750 0.446875 0.005000 0.011250
0 0.330625 0.445625 0.008750 0.011250
0 0.360000 0.495625 0.005000 0.003750
0 0.376250 0.502500 0.007500 0.012500
