0 0.161250 0.387500 0.012500 0.012500
0 0.189375 0.371250 0.011250 0.012500
0 0.110625 0.051875 0.011250 0.011250
0 0.150000 0.091875 0.010000 0.011250
0 0.305000 0.047500 0.005000 0.007500
0 0.320625 0.035625 0.008750 0.008750
0 0.323750 0.045625 0.007500 0.006250
0 0.335625 0.041875 0.008750 0.006250
0 0.345000 0.055625 0.007500 0.006250
0 0.424375 0.048750 0.011250 0.010000
0 0.376875 0.069375 0.008750 0.008750
0 0.400000 0.041250 0.010000 0.007500
0 0.400000 0.053125 0.005000 0.006250
0 0.406875 0.066875 0.006250 0.008750
0 0.392500 0.076875 0.005000 0.006250
0 0.418125 0.094375 0.006250 0.008750
0 0.423750 0.071250 0.005000 0.007500
0 0.305000 0.088750 0.012500 0.010000
