0 0.450000 0.221250 0.015000 0.020000
0 0.757500 0.302500 0.012500 0.017500
0 0.763750 0.328750 0.015000 0.022500
0 0.784375 0.362500 0.021250 0.017500
0 0.737500 0.406875 0.012500 0.021250
0 0.754375 0.404375 0.018750 0.023750
0 0.750625 0.431250 0.011250 0.020000
0 0.761875 0.429375 0.011250 0.011250
0 0.766250 0.391250 0.015000 0.020000
0 0.775625 0.411250 0.011250 0.015000
0 0.781875 0.423750 0.016250 0.012500
0 0.780000 0.385000 0.012500 0.017500
0 0.790625 0.408125 0.016250 0.018750
0 0.870625 0.339375 0.006250 0.008750
