0 0.829375 0.493750 0.008750 0.010000
0 0.111250 0.378125 0.005000 0.003750
0 0.111250 0.390000 0.007500 0.017500
0 0.118125 0.388750 0.006250 0.017500
0 0.124375 0.391250 0.008750 0.025000
0 0.131250 0.394375 0.007500 0.026250
0 0.134375 0.395625 0.006250 0.023750
0 0.138750 0.396875 0.007500 0.021250
0 0.143750 0.395000 0.007500 0.022500
0 0.298125 0.430625 0.006250 0.016250
0 0.303750 0.435625 0.005000 0.016250
0 0.309375 0.437500 0.006250 0.015000
0 0.314375 0.440000 0.006250 0.015000
0 0.319375 0.439375 0.003750 0.016250
0 0.325000 0.441250 0.007500 0.015000
0 0.463750 0.471875 0.007500 0.013750
0 0.468750 0.475000 0.005000 0.012500
0 0.598125 0.515000 0.006250 0.017500
0 0.605000 0.518125 0.007500 0.016250
0 0.611875 0.520625 0.006250 0.018750
0 0.617500 0.521250 0.005000 0.017500
0 0.621875 0.523750 0.006250 0.017500
0 0.627500 0.525625 0.005000 0.018750
0 0.635000 0.524375 0.010000 0.021250
