0 0.440000 0.805000 0.012500 0.030000
0 0.478125 0.805000 0.013750 0.012500
0 0.497500 0.738750 0.010000 0.015000
0 0.503750 0.785625 0.010000 0.021250
0 0.558125 0.643750 0.011250 0.010000
0 0.620625 0.625625 0.011250 0.016250
0 0.625625 0.640000 0.011250 0.010000
0 0.616875 0.651875 0.013750 0.016250
0 0.568750 0.698750 0.012500 0.010000
0 0.585625 0.693125 0.011250 0.013750
0 0.626250 0.686875 0.010000 0.013750
0 0.610000 0.690000 0.010000 0.010000
0 0.621250 0.671875 0.010000 0.013750
0 0.943125 0.585000 0.011250 0.012500
0 0.441875 0.773125 0.008750 0.031250
