0 0.183750 0.194375 0.022500 0.021250
0 0.242500 0.238750 0.022500 0.027500
0 0.216875 0.177500 0.011250 0.015000
0 0.289375 0.220000 0.008750 0.007500
0 0.294375 0.211875 0.008750 0.011250
0 0.272500 0.266875 0.007500 0.011250
0 0.286250 0.240000 0.012500 0.010000
0 0.306250 0.238750 0.007500 0.012500
0 0.313125 0.230000 0.011250 0.007500
0 0.364375 0.286250 0.008750 0.010000
0 0.384375 0.308125 0.008750 0.013750
0 0.339375 0.345625 0.016250 0.018750
0 0.359375 0.365625 0.016250 0.018750
0 0.387500 0.390000 0.025000 0.025000
0 0.446250 0.369375 0.010000 0.013750
0 0.416875 0.425000 0.021250 0.027500
0 0.445000 0.408750 0.010000 0.012500
0 0.464375 0.490625 0.016250 0.021250
0 0.497500 0.530625 0.025000 0.026250
0 0.741250 0.908750 0.037500 0.052500
0 0.705000 0.939375 0.022500 0.053750
0 0.685000 0.841250 0.015000 0.022500
0 0.620625 0.701250 0.016250 0.017500
0 0.629375 0.201250 0.011250 0.017500
0 0.013125 0.045000 0.006250 0.007500
0 0.038750 0.026250 0.010000 0.007500
0 0.136875 0.101250 0.011250 0.012500
0 0.221875 0.044375 0.013750 0.016250
0 0.176875 0.103750 0.011250 0.012500
0 0.420625 0.173125 0.013750 0.016250
0 0.376250 0.185625 0.010000 0.013750
0 0.428125 0.201875 0.013750 0.013750
0 0.442500 0.173750 0.012500 0.015000
0 0.454375 0.228750 0.013750 0.012500
0 0.680625 0.292500 0.011250 0.015000
0 0.570000 0.638750 0.015000 0.012500
0 0.548750 0.610000 0.012500 0.012500
