0 0.205625 0.005000 0.006250 0.007500
0 0.233125 0.023750 0.006250 0.005000
0 0.240000 0.028750 0.005000 0.005000
0 0.251250 0.047500 0.005000 0.005000
0 0.257500 0.068750 0.005000 0.005000
0 0.230625 0.090000 0.006250 0.007500
0 0.232500 0.113750 0.007500 0.005000
0 0.244375 0.122500 0.006250 0.005000
0 0.208750 0.213125 0.007500 0.011250
0 0.223750 0.240000 0.005000 0.007500
0 0.242500 0.253750 0.007500 0.007500
0 0.246250 0.018750 0.005000 0.005000
0 0.257500 0.025625 0.005000 0.006250
0 0.250000 0.293750 0.007500 0.005000
0 0.254375 0.288750 0.006250 0.005000
0 0.249375 0.308125 0.006250 0.006250
0 0.236875 0.304375 0.006250 0.006250
0 0.230000 0.321875 0.007500 0.008750
0 0.242500 0.313125 0.007500 0.011250
0 0.230625 0.263125 0.006250 0.003750
0 0.221250 0.257500 0.005000 0.005000
0 0.205625 0.195000 0.008750 0.010000
0 0.210625 0.338125 0.006250 0.006250
0 0.210625 0.350625 0.008750 0.006250
0 0.209375 0.358750 0.006250 0.005000
0 0.219375 0.376875 0.006250 0.006250
0 0.218125 0.385625 0.006250 0.003750
0 0.218125 0.391875 0.003750 0.006250
0 0.218125 0.401250 0.006250 0.007500
0 0.241250 0.445000 0.007500 0.007500
0 0.253125 0.450625 0.008750 0.006250
0 0.271875 0.491875 0.008750 0.006250
0 0.246875 0.454375 0.006250 0.006250
0 0.281250 0.503125 0.007500 0.006250
0 0.220625 0.443750 0.006250 0.005000
0 0.231250 0.455625 0.007500 0.006250
0 0.257500 0.466875 0.007500 0.003750
0 0.236875 0.328125 0.006250 0.006250
0 0.218125 0.370000 0.006250 0.007500
0 0.240625 0.336875 0.006250 0.006250
0 0.248750 0.268750 0.007500 0.007500
0 0.294375 0.511875 0.006250 0.006250
0 0.258125 0.273750 0.006250 0.007500
0 0.233125 0.141875 0.008750 0.013750
0 0.490625 0.776875 0.006250 0.008750
0 0.490000 0.761875 0.007500 0.006250
0 0.499375 0.733125 0.008750 0.006250
0 0.435625 0.674375 0.006250 0.006250
0 0.405000 0.671250 0.007500 0.005000
0 0.506250 0.758125 0.010000 0.006250
0 0.520000 0.736875 0.007500 0.006250
0 0.263125 0.687500 0.006250 0.005000
0 0.300000 0.563125 0.010000 0.008750
0 0.323125 0.521875 0.006250 0.006250
0 0.278750 0.550625 0.005000 0.003750
0 0.586875 0.920625 0.008750 0.008750
