0 0.664375 0.349375 0.006250 0.006250
0 0.604375 0.428125 0.006250 0.008750
0 0.643750 0.451250 0.022500 0.020000
0 0.621875 0.470000 0.006250 0.005000
0 0.674375 0.502500 0.016250 0.007500
0 0.707500 0.437500 0.005000 0.005000
0 0.700625 0.450625 0.003750 0.003750
0 0.725625 0.450625 0.006250 0.006250
0 0.717500 0.480000 0.005000 0.005000
0 0.708125 0.460000 0.003750 0.005000
0 0.728750 0.478750 0.002500 0.005000
0 0.699375 0.505000 0.006250 0.005000
0 0.736875 0.508750 0.006250 0.005000
0 0.736250 0.518125 0.007500 0.006250
0 0.736875 0.469375 0.006250 0.003750
0 0.753750 0.600625 0.007500 0.008750
0 0.750000 0.659375 0.005000 0.003750
0 0.785625 0.640000 0.003750 0.007500
0 0.778750 0.650000 0.005000 0.005000
0 0.799375 0.698125 0.006250 0.006250
0 0.644375 0.602500 0.006250 0.012500
0 0.648750 0.488750 0.005000 0.007500
0 0.671250 0.493125 0.005000 0.006250
0 0.592500 0.571250 0.007500 0.007500
0 0.753750 0.573125 0.005000 0.006250
0 0.642500 0.672500 0.007500 0.007500
0 0.545000 0.671875 0.007500 0.006250
0 0.543125 0.685000 0.006250 0.007500
0 0.724375 0.485625 0.008750 0.008750
0 0.731250 0.579375 0.007500 0.008750
0 0.802500 0.736250 0.002500 0.005000
0 0.791250 0.658750 0.005000 0.005000
0 0.731875 0.501875 0.003750 0.006250
0 0.748750 0.508750 0.005000 0.005000
0 0.762500 0.591875 0.005000 0.008750
0 0.775000 0.592500 0.007500 0.012500
0 0.738125 0.614375 0.003750 0.003750
0 0.757500 0.647500 0.005000 0.005000
0 0.758750 0.658750 0.005000 0.005000
0 0.804375 0.655000 0.003750 0.005000
0 0.656250 0.341250 0.005000 0.007500
0 0.672500 0.390625 0.005000 0.006250
0 0.688125 0.433125 0.003750 0.006250
0 0.705000 0.446875 0.005000 0.003750
0 0.750625 0.551250 0.003750 0.005000
0 0.740625 0.593125 0.003750 0.006250
0 0.735000 0.678750 0.005000 0.005000
0 0.788750 0.753750 0.005000 0.005000
0 0.806250 0.765000 0.005000 0.005000
0 0.774375 0.605000 0.003750 0.005000
0 0.774375 0.620000 0.003750 0.005000
0 0.737500 0.480625 0.007500 0.011250
0 0.710625 0.463750 0.003750 0.005000
0 0.746875 0.489375 0.011250 0.008750
0 0.531875 0.732500 0.006250 0.007500
0 0.520625 0.793750 0.003750 0.007500
0 0.524375 0.795000 0.006250 0.007500
0 0.520625 0.781250 0.006250 0.010000
0 0.525625 0.778125 0.006250 0.006250
0 0.516250 0.860625 0.005000 0.006250
0 0.694375 0.632500 0.013750 0.012500
