0 0.678750 0.115000 0.007500 0.007500
0 0.695625 0.110625 0.003750 0.006250
0 0.590000 0.392500 0.005000 0.005000
0 0.592500 0.364375 0.005000 0.003750
0 0.582500 0.354375 0.007500 0.006250
0 0.658125 0.230625 0.003750 0.003750
0 0.664375 0.227500 0.003750 0.005000
0 0.635625 0.244375 0.006250 0.006250
0 0.617500 0.273125 0.005000 0.006250
0 0.691250 0.141875 0.005000 0.006250
0 0.689375 0.161250 0.003750 0.010000
0 0.688750 0.173125 0.005000 0.008750
0 0.673125 0.215000 0.006250 0.005000
0 0.671250 0.221250 0.005000 0.005000
0 0.648750 0.240000 0.005000 0.005000
0 0.627500 0.252500 0.005000 0.005000
0 0.220625 0.184375 0.006250 0.006250
0 0.573750 0.005625 0.007500 0.008750
0 0.596250 0.020625 0.015000 0.008750
0 0.668125 0.090000 0.006250 0.007500
0 0.638125 0.054375 0.006250 0.008750
0 0.595000 0.032500 0.005000 0.007500
0 0.690000 0.092500 0.005000 0.007500
0 0.871250 0.470000 0.010000 0.015000
0 0.951250 0.468125 0.010000 0.008750
0 0.948125 0.418125 0.006250 0.011250
0 0.941250 0.376250 0.007500 0.012500
0 0.838750 0.273125 0.005000 0.011250
0 0.862500 0.301875 0.005000 0.006250
0 0.910000 0.328750 0.005000 0.007500
0 0.940625 0.256250 0.003750 0.005000
0 0.931875 0.279375 0.006250 0.006250
0 0.939375 0.265000 0.006250 0.005000
0 0.918125 0.315625 0.006250 0.006250
0 0.952500 0.165625 0.005000 0.006250
0 0.947500 0.184375 0.005000 0.006250
0 0.931250 0.247500 0.005000 0.005000
0 0.929375 0.254375 0.003750 0.003750
0 0.929375 0.258750 0.006250 0.005000
0 0.947500 0.395625 0.005000 0.006250
0 0.931875 0.395625 0.006250 0.006250
0 0.709375 0.091250 0.006250 0.007500
