0 0.221875 0.125625 0.018750 0.026250
0 0.198750 0.322500 0.022500 0.020000
0 0.330000 0.158125 0.017500 0.036250
0 0.329375 0.886875 0.018750 0.018750
0 0.423750 0.792500 0.015000 0.015000
0 0.838750 0.731250 0.017500 0.020000
0 0.443750 0.440000 0.022500 0.025000
0 0.463125 0.267500 0.038750 0.027500
0 0.535000 0.375000 0.022500 0.037500
0 0.584375 0.476875 0.016250 0.026250
0 0.608125 0.163125 0.016250 0.033750
0 0.670000 0.178125 0.020000 0.021250
0 0.695000 0.109375 0.017500 0.018750
0 0.676250 0.313125 0.022500 0.023750
0 0.678750 0.414375 0.025000 0.031250
0 0.775625 0.393750 0.018750 0.022500
0 0.700625 0.241250 0.011250 0.017500
0 0.763750 0.309375 0.015000 0.023750
0 0.805000 0.197500 0.020000 0.035000
0 0.889375 0.181875 0.021250 0.031250
0 0.944375 0.239375 0.018750 0.021250
0 0.865000 0.338750 0.015000 0.022500
0 0.928750 0.320000 0.017500 0.025000
0 0.837500 0.451250 0.017500 0.025000
0 0.876875 0.396875 0.016250 0.023750
0 0.946250 0.396250 0.022500 0.027500
0 0.993125 0.183750 0.013750 0.032500
