0 0.207500 0.850625 0.012500 0.011250
0 0.081875 0.560625 0.013750 0.016250
0 0.122500 0.586875 0.012500 0.008750
0 0.281250 0.681250 0.010000 0.010000
0 0.843750 0.896250 0.047500 0.025000
0 0.851250 0.862500 0.032500 0.022500
0 0.903750 0.853750 0.022500 0.015000
0 0.839375 0.758750 0.006250 0.010000
0 0.696875 0.850625 0.011250 0.013750
0 0.861875 0.913750 0.021250 0.015000
0 0.842500 0.918125 0.017500 0.011250
0 0.713125 0.928125 0.011250 0.011250
0 0.603750 0.915000 0.015000 0.010000
0 0.697500 0.934375 0.010000 0.006250
