0 0.696250 0.640625 0.012500 0.018750
0 0.716875 0.676875 0.026250 0.023750
0 0.862500 0.415625 0.015000 0.011250
0 0.956875 0.386250 0.013750 0.015000
0 0.636875 0.821875 0.021250 0.031250
0 0.608125 0.798125 0.016250 0.023750
0 0.584375 0.775625 0.016250 0.023750
0 0.538750 0.725000 0.017500 0.025000
0 0.512500 0.695625 0.015000 0.016250
0 0.488125 0.673125 0.011250 0.016250
0 0.414375 0.600000 0.016250 0.017500
0 0.960625 0.744375 0.021250 0.033750
0 0.947500 0.796875 0.020000 0.033750
0 0.468125 0.894375 0.013750 0.026250
0 0.436875 0.873125 0.006250 0.013750
0 0.410000 0.844375 0.012500 0.016250
0 0.385625 0.820000 0.008750 0.015000
0 0.360000 0.796250 0.015000 0.020000
0 0.331875 0.771875 0.016250 0.013750
0 0.288125 0.764375 0.023750 0.021250
0 0.310000 0.749375 0.010000 0.018750
0 0.101875 0.467500 0.021250 0.017500
0 0.791250 0.425625 0.017500 0.013750
