0 0.651875 0.577500 0.013750 0.022500
0 0.639375 0.613750 0.013750 0.017500
0 0.661875 0.628125 0.016250 0.016250
0 0.130625 0.892500 0.051250 0.057500
0 0.088125 0.715000 0.018750 0.027500
0 0.218750 0.958125 0.022500 0.028750
0 0.114375 0.540000 0.046250 0.037500
0 0.173750 0.685000 0.020000 0.022500
0 0.207500 0.757500 0.022500 0.025000
0 0.181250 0.716875 0.020000 0.021250
0 0.038750 0.866250 0.012500 0.030000
0 0.067500 0.854375 0.020000 0.018750
0 0.537500 0.032500 0.015000 0.015000
0 0.570000 0.067500 0.015000 0.012500
0 0.581250 0.085625 0.015000 0.011250
0 0.694375 0.146875 0.018750 0.036250
0 0.703750 0.105625 0.015000 0.023750
0 0.753125 0.114375 0.016250 0.021250
0 0.755000 0.149375 0.022500 0.021250
0 0.811250 0.145625 0.015000 0.023750
0 0.763750 0.058125 0.017500 0.021250
0 0.796875 0.088750 0.016250 0.032500
0 0.842500 0.076250 0.022500 0.017500
0 0.816875 0.045625 0.021250 0.013750
0 0.819375 0.008750 0.018750 0.015000
0 0.765000 0.006875 0.012500 0.011250
0 0.841875 0.033125 0.011250 0.016250
0 0.846875 0.005000 0.023750 0.007500
0 0.877500 0.077500 0.017500 0.022500
0 0.872500 0.023125 0.025000 0.018750
0 0.910625 0.008125 0.018750 0.013750
0 0.923750 0.091875 0.017500 0.021250
0 0.961250 0.017500 0.017500 0.022500
