0 0.055000 0.705000 0.022500 0.020000
0 0.155625 0.650000 0.016250 0.025000
0 0.317500 0.435625 0.025000 0.023750
0 0.276250 0.365625 0.027500 0.013750
0 0.321875 0.360625 0.021250 0.016250
0 0.310625 0.338125 0.026250 0.016250
0 0.279375 0.283125 0.016250 0.008750
0 0.338125 0.310625 0.026250 0.013750
0 0.353750 0.337500 0.020000 0.022500
0 0.360625 0.296875 0.028750 0.011250
0 0.470000 0.320000 0.020000 0.017500
0 0.468750 0.284375 0.025000 0.023750
0 0.526875 0.255625 0.021250 0.021250
0 0.553125 0.286875 0.011250 0.021250
0 0.564375 0.271875 0.008750 0.011250
0 0.576875 0.249375 0.016250 0.018750
0 0.585000 0.198125 0.015000 0.016250
0 0.616875 0.157500 0.008750 0.022500
0 0.106250 0.176875 0.020000 0.018750
0 0.306875 0.513750 0.018750 0.025000
0 0.152500 0.678750 0.025000 0.020000
0 0.035000 0.802500 0.022500 0.017500
0 0.051250 0.782500 0.017500 0.025000
0 0.065000 0.763750 0.025000 0.025000
0 0.086875 0.740625 0.023750 0.026250
