0 0.744375 0.955625 0.021250 0.041250
0 0.676250 0.745625 0.030000 0.048750
0 0.828125 0.665000 0.021250 0.042500
0 0.463125 0.576250 0.016250 0.035000
0 0.017500 0.887500 0.015000 0.032500
0 0.036875 0.516250 0.021250 0.025000
0 0.070000 0.496875 0.015000 0.028750
0 0.089375 0.501250 0.018750 0.040000
0 0.166250 0.438750 0.032500 0.035000
0 0.250000 0.177500 0.027500 0.052500
0 0.358125 0.104375 0.016250 0.026250
0 0.420000 0.099375 0.012500 0.038750
0 0.455625 0.120000 0.018750 0.022500
0 0.475000 0.176875 0.020000 0.031250
0 0.533125 0.143750 0.023750 0.027500
0 0.432500 0.041875 0.020000 0.028750
0 0.453750 0.048750 0.017500 0.057500
0 0.480625 0.078125 0.018750 0.068750
0 0.510000 0.070000 0.030000 0.082500
0 0.672500 0.026875 0.020000 0.038750
0 0.701875 0.044375 0.016250 0.021250
