0 0.723750 0.583125 0.012500 0.033750
0 0.896250 0.549375 0.030000 0.016250
0 0.838750 0.963750 0.015000 0.017500
0 0.845000 0.996250 0.020000 0.007500
0 0.893750 0.971875 0.032500 0.013750
0 0.903125 0.925625 0.018750 0.031250
0 0.935000 0.851250 0.025000 0.017500
0 0.952500 0.761250 0.015000 0.025000
0 0.970625 0.618125 0.028750 0.018750
0 0.973750 0.738750 0.020000 0.015000
0 0.946250 0.712500 0.042500 0.015000
0 0.976875 0.688750 0.021250 0.015000
0 0.875000 0.653125 0.022500 0.023750
0 0.970625 0.545000 0.018750 0.020000
0 0.944375 0.651250 0.018750 0.020000
0 0.801875 0.673125 0.018750 0.018750
0 0.805625 0.548125 0.013750 0.018750
0 0.793125 0.543750 0.013750 0.020000
0 0.608125 0.016875 0.013750 0.011250
0 0.652500 0.253125 0.025000 0.016250
