0 0.036250 0.095000 0.027500 0.030000
0 0.115000 0.246875 0.015000 0.018750
0 0.130625 0.232500 0.018750 0.025000
0 0.127500 0.315000 0.020000 0.037500
0 0.062500 0.591250 0.020000 0.020000
0 0.188750 0.516875 0.032500 0.021250
0 0.431875 0.696250 0.013750 0.020000
0 0.156875 0.278125 0.013750 0.018750
0 0.213125 0.871250 0.021250 0.037500
0 0.751875 0.265625 0.016250 0.033750
0 0.787500 0.253125 0.035000 0.033750
0 0.851875 0.230625 0.028750 0.033750
0 0.911250 0.231250 0.022500 0.030000
0 0.921875 0.060000 0.026250 0.032500
0 0.872500 0.071875 0.030000 0.026250
0 0.864375 0.110625 0.031250 0.026250
0 0.594375 0.165625 0.018750 0.018750
0 0.645000 0.199375 0.022500 0.023750
0 0.687500 0.237500 0.025000 0.025000
