0 0.123125 0.311875 0.031250 0.033750
0 0.388750 0.103125 0.020000 0.041250
0 0.399375 0.605625 0.023750 0.041250
0 0.487500 0.783750 0.020000 0.050000
0 0.553750 0.986875 0.020000 0.026250
0 0.622500 0.893125 0.030000 0.046250
0 0.744375 0.816875 0.028750 0.041250
0 0.684375 0.502500 0.016250 0.045000
0 0.736875 0.273750 0.016250 0.022500
0 0.731250 0.356875 0.017500 0.041250
0 0.758125 0.321875 0.018750 0.033750
0 0.782500 0.355625 0.012500 0.026250
0 0.824375 0.303750 0.033750 0.035000
0 0.820000 0.437500 0.035000 0.030000
0 0.875000 0.597500 0.025000 0.027500
0 0.917500 0.690000 0.022500 0.042500
0 0.981875 0.205625 0.016250 0.036250
0 0.965625 0.446250 0.023750 0.037500
