0 0.475625 0.893125 0.023750 0.043750
0 0.620000 0.520000 0.020000 0.057500
0 0.748125 0.603750 0.023750 0.030000
0 0.625000 0.371875 0.027500 0.033750
0 0.765625 0.353125 0.048750 0.038750
0 0.658125 0.296875 0.023750 0.036250
0 0.668750 0.246875 0.037500 0.028750
0 0.833125 0.320000 0.018750 0.035000
0 0.595625 0.265625 0.016250 0.026250
0 0.624375 0.232500 0.016250 0.030000
0 0.534375 0.101250 0.023750 0.045000
0 0.545625 0.195000 0.043750 0.047500
0 0.683750 0.125000 0.025000 0.037500
0 0.786250 0.146875 0.020000 0.041250
0 0.408125 0.031250 0.026250 0.050000
