0 0.218125 0.370000 0.016250 0.030000
0 0.225625 0.502500 0.031250 0.045000
0 0.210000 0.977500 0.030000 0.042500
0 0.405625 0.589375 0.021250 0.043750
0 0.486875 0.814375 0.026250 0.056250
0 0.496250 0.990000 0.015000 0.020000
0 0.753750 0.907500 0.025000 0.047500
0 0.406250 0.220625 0.022500 0.043750
0 0.568125 0.451875 0.028750 0.048750
0 0.736250 0.424375 0.030000 0.058750
0 0.816250 0.276250 0.027500 0.035000
0 0.961250 0.558750 0.027500 0.032500
0 0.931250 0.780000 0.025000 0.057500
0 0.988750 0.937500 0.022500 0.045000
0 0.975000 0.046875 0.025000 0.051250
