0 0.460000 0.483750 0.010000 0.015000
0 0.451875 0.611875 0.008750 0.013750
0 0.474375 0.633125 0.011250 0.008750
0 0.493125 0.667500 0.013750 0.017500
0 0.501250 0.685000 0.012500 0.012500
0 0.515625 0.708750 0.018750 0.020000
0 0.556250 0.759375 0.010000 0.011250
0 0.561250 0.781250 0.015000 0.015000
0 0.561250 0.802500 0.012500 0.017500
0 0.755625 0.880000 0.016250 0.015000
0 0.763750 0.491250 0.012500 0.032500
0 0.524375 0.605625 0.016250 0.021250
0 0.520625 0.626250 0.013750 0.015000
0 0.531250 0.655625 0.012500 0.013750
0 0.541875 0.637500 0.008750 0.012500
0 0.630000 0.596250 0.012500 0.027500
0 0.554375 0.638125 0.008750 0.016250
0 0.538750 0.690625 0.010000 0.011250
0 0.545625 0.676875 0.013750 0.011250
0 0.551250 0.695625 0.010000 0.008750
0 0.578125 0.643125 0.013750 0.026250
0 0.565625 0.688750 0.011250 0.015000
0 0.588750 0.688750 0.015000 0.022500
0 0.602500 0.638750 0.012500 0.022500
0 0.603125 0.666250 0.016250 0.022500
0 0.615625 0.701250 0.016250 0.025000
0 0.682500 0.608750 0.015000 0.027500
0 0.565000 0.861250 0.015000 0.025000
0 0.567500 0.898125 0.017500 0.026250
0 0.567500 0.983750 0.010000 0.025000
