0 0.501875 0.045625 0.011250 0.013750
0 0.766250 0.540625 0.010000 0.013750
0 0.793750 0.530000 0.010000 0.020000
0 0.695000 0.562500 0.012500 0.007500
0 0.293750 0.805000 0.010000 0.015000
0 0.300625 0.760625 0.008750 0.013750
0 0.326875 0.741250 0.011250 0.015000
0 0.351875 0.731875 0.013750 0.018750
0 0.329375 0.766875 0.013750 0.008750
0 0.340000 0.773750 0.015000 0.017500
0 0.320000 0.796875 0.010000 0.011250
0 0.373125 0.993125 0.011250 0.013750
0 0.356875 0.956250 0.013750 0.020000
0 0.424375 0.985000 0.016250 0.020000
0 0.377500 0.914375 0.012500 0.013750
0 0.359375 0.896250 0.006250 0.010000
0 0.336875 0.342500 0.006250 0.007500
