0 0.004375 0.362500 0.006250 0.022500
0 0.034375 0.596250 0.018750 0.040000
0 0.057500 0.321250 0.022500 0.027500
0 0.308125 0.025625 0.011250 0.013750
0 0.245000 0.071875 0.015000 0.021250
0 0.241875 0.176875 0.013750 0.021250
0 0.272500 0.092500 0.012500 0.022500
0 0.283750 0.112500 0.015000 0.020000
0 0.395000 0.024375 0.012500 0.016250
0 0.314375 0.105625 0.011250 0.018750
0 0.349375 0.085625 0.013750 0.021250
0 0.375625 0.076250 0.016250 0.022500
0 0.301875 0.163125 0.013750 0.018750
0 0.369375 0.190625 0.013750 0.018750
0 0.358750 0.211875 0.017500 0.013750
0 0.336875 0.254375 0.013750 0.018750
0 0.315625 0.302500 0.016250 0.015000
0 0.499375 0.017500 0.011250 0.020000
0 0.490625 0.051875 0.018750 0.038750
0 0.470625 0.140000 0.026250 0.015000
0 0.451875 0.156250 0.013750 0.020000
0 0.430625 0.197500 0.018750 0.022500
0 0.136250 0.623125 0.010000 0.011250
0 0.480000 0.235625 0.007500 0.006250
0 0.430000 0.270625 0.007500 0.008750
