0 0.109375 0.194375 0.008750 0.011250
0 0.400000 0.035625 0.015000 0.023750
0 0.567500 0.283125 0.050000 0.028750
0 0.923125 0.351875 0.051250 0.033750
0 0.655000 0.650625 0.047500 0.026250
0 0.406250 0.625625 0.032500 0.021250
0 0.355625 0.627500 0.016250 0.015000
0 0.318125 0.870625 0.048750 0.036250
0 0.388125 0.951250 0.056250 0.032500
0 0.523125 0.895625 0.058750 0.026250
0 0.621875 0.933125 0.051250 0.036250
0 0.793125 0.899375 0.063750 0.033750
0 0.267500 0.712500 0.032500 0.025000
0 0.213750 0.695625 0.012500 0.013750
0 0.103750 0.648750 0.050000 0.032500
0 0.030625 0.619375 0.041250 0.026250
0 0.053125 0.694375 0.021250 0.016250
0 0.180625 0.699375 0.016250 0.021250
0 0.111875 0.721250 0.018750 0.017500
0 0.111250 0.755625 0.027500 0.018750
0 0.156250 0.737500 0.017500 0.015000
0 0.005000 0.770000 0.007500 0.012500
