0 0.114375 0.300625 0.073750 0.033750
0 0.451875 0.340625 0.051250 0.023750
0 0.462500 0.290625 0.045000 0.046250
0 0.698125 0.348125 0.038750 0.026250
0 0.328125 0.899375 0.038750 0.038750
0 0.453750 0.719375 0.052500 0.036250
0 0.557500 0.673750 0.032500 0.035000
0 0.733125 0.687500 0.048750 0.035000
0 0.437500 0.933125 0.017500 0.031250
0 0.470625 0.921250 0.031250 0.030000
0 0.554375 0.979375 0.041250 0.033750
0 0.589375 0.847500 0.046250 0.042500
0 0.667500 0.943125 0.047500 0.033750
0 0.755625 0.841875 0.048750 0.036250
0 0.788125 0.980000 0.041250 0.032500
0 0.917500 0.959375 0.055000 0.038750
0 0.970625 0.870000 0.058750 0.032500
