0 0.017500 0.132500 0.020000 0.015000
0 0.038750 0.220625 0.012500 0.023750
0 0.085000 0.159375 0.010000 0.018750
0 0.096250 0.140625 0.020000 0.013750
0 0.092500 0.101875 0.007500 0.023750
0 0.061875 0.085625 0.023750 0.013750
0 0.021250 0.071250 0.020000 0.007500
0 0.048750 0.059375 0.010000 0.008750
0 0.073125 0.062500 0.021250 0.012500
0 0.203750 0.094375 0.032500 0.018750
0 0.249375 0.105625 0.033750 0.018750
0 0.476250 0.170000 0.022500 0.012500
0 0.476250 0.158750 0.022500 0.010000
0 0.521250 0.166875 0.027500 0.013750
0 0.517500 0.178750 0.030000 0.015000
0 0.558750 0.174375 0.032500 0.013750
0 0.557500 0.188750 0.030000 0.015000
0 0.127500 0.198125 0.012500 0.011250
0 0.180625 0.226875 0.011250 0.011250
0 0.324375 0.266875 0.006250 0.008750
0 0.720625 0.071875 0.046250 0.038750
0 0.829375 0.090625 0.023750 0.026250
0 0.821250 0.133125 0.022500 0.008750
0 0.931250 0.139375 0.040000 0.031250
0 0.906875 0.056250 0.026250 0.027500
0 0.977500 0.048125 0.037500 0.023750
0 0.857500 0.431875 0.015000 0.011250
0 0.995000 0.396250 0.010000 0.010000
0 0.973125 0.350625 0.008750 0.006250
0 0.803750 0.422500 0.007500 0.007500
