0 0.837500 0.605625 0.020000 0.018750
0 0.111875 0.759375 0.018750 0.021250
0 0.270625 0.776250 0.021250 0.022500
0 0.271875 0.593750 0.021250 0.017500
0 0.348750 0.658125 0.027500 0.026250
0 0.325625 0.608125 0.023750 0.023750
0 0.311875 0.510000 0.023750 0.027500
0 0.342500 0.568125 0.025000 0.026250
0 0.374375 0.538125 0.021250 0.026250
0 0.405000 0.611875 0.027500 0.036250
0 0.404375 0.694375 0.023750 0.023750
0 0.159375 0.415000 0.016250 0.020000
0 0.180625 0.471250 0.018750 0.020000
0 0.211875 0.507500 0.016250 0.015000
0 0.228125 0.471250 0.018750 0.015000
0 0.211250 0.400000 0.022500 0.020000
0 0.266250 0.412500 0.027500 0.030000
0 0.290000 0.438125 0.025000 0.028750
0 0.348125 0.450000 0.028750 0.035000
0 0.214375 0.342500 0.023750 0.017500
0 0.571875 0.105625 0.058750 0.038750
0 0.613750 0.036875 0.052500 0.038750
0 0.806250 0.051250 0.055000 0.025000
0 0.855625 0.219375 0.071250 0.033750
0 0.212500 0.214375 0.035000 0.033750
0 0.296875 0.226875 0.041250 0.026250
0 0.390000 0.163125 0.022500 0.041250
0 0.106875 0.288125 0.031250 0.026250
0 0.107500 0.192500 0.045000 0.035000
0 0.113750 0.073125 0.030000 0.018750
0 0.150000 0.110625 0.030000 0.028750
0 0.149375 0.043125 0.028750 0.023750
0 0.206250 0.110000 0.037500 0.020000
0 0.011875 0.368750 0.021250 0.022500
0 0.036250 0.278125 0.035000 0.031250
0 0.015000 0.131875 0.027500 0.038750
0 0.728125 0.941875 0.013750 0.011250
0 0.862500 0.337500 0.007500 0.007500
