0 0.106875 0.058750 0.018750 0.017500
0 0.146875 0.080625 0.016250 0.018750
0 0.202500 0.127500 0.022500 0.017500
0 0.255625 0.144375 0.018750 0.016250
0 0.310000 0.138750 0.017500 0.020000
0 0.253125 0.028125 0.046250 0.028750
0 0.423125 0.069375 0.036250 0.031250
0 0.569375 0.091875 0.043750 0.031250
0 0.678125 0.059375 0.016250 0.016250
0 0.678750 0.091875 0.012500 0.018750
0 0.698750 0.130625 0.017500 0.011250
0 0.730000 0.071250 0.017500 0.015000
0 0.741875 0.101875 0.013750 0.011250
0 0.868125 0.162500 0.016250 0.020000
0 0.901250 0.166875 0.015000 0.016250
0 0.929375 0.158125 0.016250 0.021250
0 0.953125 0.175000 0.023750 0.025000
