0 0.006875 0.478750 0.011250 0.012500
0 0.031875 0.150625 0.011250 0.016250
0 0.045625 0.235000 0.016250 0.017500
0 0.076875 0.198125 0.018750 0.018750
0 0.152500 0.211250 0.010000 0.012500
0 0.210625 0.238125 0.018750 0.021250
0 0.230625 0.226250 0.011250 0.012500
0 0.112500 0.150625 0.020000 0.021250
0 0.180625 0.145000 0.018750 0.012500
0 0.123750 0.124375 0.015000 0.011250
0 0.127500 0.106875 0.010000 0.013750
0 0.160625 0.084375 0.011250 0.013750
0 0.188125 0.084375 0.016250 0.018750
0 0.008750 0.620625 0.015000 0.036250
0 0.560625 0.591875 0.013750 0.008750
