0 0.696250 0.309375 0.022500 0.011250
0 0.624375 0.544375 0.023750 0.016250
0 0.639375 0.682500 0.021250 0.012500
0 0.856875 0.530625 0.023750 0.016250
0 0.922500 0.596875 0.015000 0.013750
0 0.546875 0.741250 0.021250 0.015000
0 0.648125 0.743750 0.023750 0.020000
0 0.771250 0.863750 0.020000 0.015000
0 0.836875 0.769375 0.016250 0.011250
0 0.980000 0.796875 0.017500 0.026250
0 0.308125 0.936875 0.013750 0.018750
0 0.511875 0.945000 0.041250 0.022500
0 0.375625 0.993750 0.023750 0.012500
0 0.052500 0.923125 0.015000 0.021250
0 0.218125 0.988750 0.021250 0.012500
