0 0.037500 0.991875 0.017500 0.016250
0 0.281875 0.961250 0.023750 0.017500
0 0.298750 0.922500 0.030000 0.027500
0 0.251250 0.698125 0.047500 0.026250
0 0.386250 0.720000 0.055000 0.025000
0 0.573125 0.813125 0.041250 0.041250
0 0.018750 0.401250 0.017500 0.020000
0 0.086875 0.534375 0.016250 0.031250
0 0.048125 0.295000 0.021250 0.012500
0 0.129375 0.370625 0.021250 0.016250
0 0.126250 0.301250 0.020000 0.017500
0 0.293750 0.445000 0.025000 0.017500
0 0.040000 0.209375 0.020000 0.016250
0 0.236250 0.245000 0.030000 0.020000
0 0.315000 0.200625 0.027500 0.016250
0 0.355625 0.317500 0.016250 0.020000
0 0.422500 0.316875 0.040000 0.016250
0 0.495000 0.376250 0.017500 0.030000
0 0.118750 0.110000 0.022500 0.022500
0 0.250000 0.140625 0.017500 0.021250
0 0.423125 0.111875 0.016250 0.018750
0 0.450625 0.185625 0.023750 0.013750
0 0.492500 0.114375 0.022500 0.021250
0 0.698750 0.101250 0.025000 0.020000
0 0.716250 0.018125 0.027500 0.018750
0 0.699375 0.140000 0.011250 0.015000
