0 0.015625 0.815625 0.028750 0.041250
0 0.013125 0.983125 0.023750 0.033750
0 0.091250 0.676875 0.035000 0.033750
0 0.068750 0.475625 0.040000 0.031250
0 0.172500 0.538125 0.032500 0.028750
0 0.191250 0.407500 0.027500 0.022500
0 0.158125 0.799375 0.033750 0.036250
0 0.278750 0.665625 0.027500 0.041250
0 0.403750 0.872500 0.032500 0.025000
0 0.334375 0.453125 0.041250 0.033750
0 0.189375 0.023125 0.033750 0.026250
0 0.279375 0.153750 0.043750 0.055000
0 0.373125 0.305625 0.043750 0.053750
0 0.407500 0.170000 0.040000 0.035000
0 0.500000 0.104375 0.040000 0.028750
0 0.777500 0.850000 0.030000 0.035000
0 0.883750 0.769375 0.030000 0.028750
0 0.770000 0.561250 0.032500 0.037500
0 0.898125 0.634375 0.026250 0.028750
0 0.897500 0.425625 0.042500 0.041250
0 0.925000 0.855625 0.015000 0.018750
