0 0.022500 0.847500 0.025000 0.037500
0 0.894375 0.896250 0.031250 0.045000
0 0.158125 0.595625 0.033750 0.063750
0 0.271250 0.738750 0.050000 0.060000
0 0.237500 0.496875 0.017500 0.023750
0 0.330625 0.419375 0.023750 0.043750
0 0.373750 0.557500 0.027500 0.042500
0 0.488750 0.420625 0.017500 0.033750
0 0.415000 0.158750 0.022500 0.030000
0 0.549375 0.218125 0.016250 0.028750
0 0.529375 0.098750 0.023750 0.025000
0 0.636250 0.113125 0.022500 0.043750
0 0.713125 0.400000 0.036250 0.027500
0 0.720000 0.008750 0.022500 0.015000
