0 0.263750 0.866250 0.027500 0.035000
0 0.636875 0.882500 0.028750 0.037500
0 0.742500 0.845625 0.020000 0.031250
0 0.889375 0.853750 0.013750 0.020000
0 0.641875 0.408125 0.021250 0.041250
0 0.692500 0.446250 0.012500 0.020000
0 0.647500 0.620000 0.022500 0.025000
0 0.731875 0.644375 0.018750 0.016250
0 0.943750 0.461250 0.027500 0.020000
0 0.867500 0.628125 0.022500 0.018750
0 0.044375 0.600625 0.028750 0.043750
0 0.073125 0.411250 0.028750 0.037500
0 0.110000 0.264375 0.022500 0.026250
0 0.229375 0.421250 0.023750 0.027500
0 0.896875 0.027500 0.021250 0.032500
