0 0.256875 0.373750 0.026250 0.030000
0 0.436250 0.245000 0.010000 0.012500
0 0.455000 0.215625 0.010000 0.013750
0 0.466875 0.195625 0.013750 0.011250
0 0.381875 0.202500 0.013750 0.022500
0 0.393125 0.158750 0.016250 0.017500
0 0.376875 0.261875 0.013750 0.013750
0 0.441250 0.098750 0.017500 0.012500
0 0.480625 0.028125 0.011250 0.013750
0 0.498125 0.083750 0.016250 0.027500
0 0.377500 0.122500 0.015000 0.015000
0 0.291875 0.236250 0.018750 0.017500
0 0.309375 0.216250 0.023750 0.017500
0 0.271875 0.240625 0.011250 0.011250
0 0.725625 0.015000 0.008750 0.015000
0 0.737500 0.016250 0.015000 0.015000
0 0.717500 0.014375 0.010000 0.013750
0 0.155000 0.345625 0.007500 0.008750
0 0.227500 0.425625 0.007500 0.006250
0 0.217500 0.425625 0.007500 0.008750
0 0.197500 0.425000 0.012500 0.010000
0 0.303125 0.360000 0.008750 0.007500
0 0.013125 0.471875 0.013750 0.008750
0 0.070625 0.477500 0.006250 0.005000
0 0.546250 0.437500 0.007500 0.005000
