0 0.130625 0.220000 0.026250 0.035000
0 0.239375 0.129375 0.028750 0.043750
0 0.258750 0.368125 0.015000 0.011250
0 0.224375 0.655625 0.013750 0.028750
0 0.273125 0.537500 0.016250 0.020000
0 0.325000 0.713750 0.020000 0.040000
0 0.418750 0.748125 0.015000 0.026250
0 0.572500 0.696250 0.017500 0.017500
0 0.658750 0.838125 0.027500 0.023750
0 0.696250 0.696875 0.032500 0.043750
0 0.640625 0.594375 0.021250 0.021250
0 0.754375 0.823750 0.013750 0.017500
0 0.842500 0.748125 0.012500 0.011250
0 0.806875 0.650000 0.018750 0.030000
0 0.590000 0.470625 0.022500 0.016250
0 0.642500 0.365625 0.020000 0.021250
0 0.710625 0.458750 0.016250 0.030000
0 0.827500 0.389375 0.020000 0.036250
0 0.790625 0.537500 0.013750 0.027500
0 0.890625 0.585000 0.023750 0.022500
0 0.940000 0.771875 0.020000 0.021250
0 0.948750 0.465000 0.025000 0.022500
0 0.943125 0.347500 0.021250 0.020000
0 0.993750 0.663750 0.012500 0.022500
0 0.994375 0.527500 0.011250 0.017500
0 0.502500 0.136875 0.022500 0.041250
0 0.520000 0.285000 0.015000 0.030000
0 0.635625 0.222500 0.018750 0.022500
0 0.723750 0.103750 0.017500 0.022500
0 0.771250 0.201875 0.022500 0.048750
0 0.965000 0.102500 0.022500 0.037500
0 0.646875 0.943125 0.023750 0.033750
0 0.726875 0.926250 0.018750 0.022500
0 0.839375 0.890000 0.013750 0.020000
0 0.885625 0.968750 0.018750 0.020000
0 0.984375 0.932500 0.023750 0.025000
