0 0.601250 0.248125 0.015000 0.031250
0 0.760000 0.360625 0.022500 0.013750
0 0.750625 0.184375 0.013750 0.013750
0 0.978125 0.130000 0.013750 0.010000
0 0.471875 0.066250 0.011250 0.022500
0 0.471250 0.116250 0.015000 0.020000
0 0.201250 0.077500 0.015000 0.025000
0 0.215000 0.156250 0.015000 0.032500
0 0.235625 0.179375 0.026250 0.018750
0 0.277500 0.190000 0.040000 0.020000
0 0.250000 0.221250 0.022500 0.017500
0 0.247500 0.365000 0.025000 0.030000
0 0.279375 0.451250 0.011250 0.020000
0 0.271875 0.503750 0.011250 0.020000
0 0.256875 0.506250 0.013750 0.032500
0 0.242500 0.506875 0.012500 0.031250
0 0.232500 0.512500 0.012500 0.022500
0 0.292500 0.490625 0.007500 0.016250
0 0.320625 0.256250 0.011250 0.010000
0 0.286875 0.466250 0.006250 0.012500
0 0.291250 0.503125 0.005000 0.006250
0 0.211250 0.203125 0.015000 0.008750
0 0.205000 0.376250 0.027500 0.010000
0 0.205625 0.388750 0.026250 0.010000
