0 0.014375 0.571250 0.026250 0.022500
0 0.522500 0.518125 0.022500 0.043750
0 0.622500 0.452500 0.025000 0.020000
0 0.750000 0.526875 0.035000 0.036250
0 0.697500 0.313750 0.017500 0.032500
0 0.671875 0.223750 0.018750 0.020000
0 0.783750 0.267500 0.017500 0.025000
0 0.820000 0.385000 0.022500 0.030000
0 0.906250 0.258750 0.032500 0.035000
0 0.655000 0.055625 0.017500 0.026250
0 0.735000 0.136875 0.022500 0.021250
0 0.801250 0.025000 0.017500 0.025000
0 0.855625 0.127500 0.018750 0.027500
0 0.968125 0.062500 0.041250 0.027500
0 0.958125 0.196875 0.018750 0.016250
0 0.373125 0.053125 0.023750 0.043750
