0 0.215000 0.054375 0.042500 0.028750
0 0.279375 0.125000 0.036250 0.015000
0 0.321875 0.193125 0.031250 0.021250
0 0.384375 0.238750 0.021250 0.015000
0 0.469375 0.238750 0.041250 0.022500
0 0.534375 0.066250 0.036250 0.037500
0 0.588125 0.187500 0.008750 0.010000
0 0.685000 0.138750 0.022500 0.017500
0 0.748750 0.116250 0.052500 0.030000
0 0.771875 0.047500 0.008750 0.007500
0 0.351875 0.308125 0.016250 0.008750
0 0.369375 0.309375 0.013750 0.008750
0 0.368125 0.297500 0.026250 0.010000
0 0.280000 0.317500 0.007500 0.015000
0 0.208125 0.205000 0.036250 0.015000
0 0.618750 0.298750 0.012500 0.007500
0 0.451250 0.303125 0.007500 0.008750
0 0.201250 0.186250 0.040000 0.015000
0 0.225000 0.275625 0.007500 0.011250
0 0.603125 0.301875 0.008750 0.016250
0 0.595625 0.302500 0.011250 0.020000
