0 0.593125 0.205000 0.043750 0.040000
0 0.691875 0.102500 0.038750 0.020000
0 0.658750 0.301875 0.030000 0.023750
0 0.725625 0.170000 0.048750 0.017500
0 0.746250 0.255625 0.040000 0.026250
0 0.582500 0.555000 0.050000 0.040000
0 0.613125 0.754375 0.026250 0.031250
0 0.583750 0.824375 0.025000 0.028750
0 0.180000 0.273125 0.030000 0.071250
0 0.086875 0.420000 0.028750 0.042500
0 0.183125 0.469375 0.023750 0.048750
0 0.146875 0.565000 0.028750 0.035000
0 0.328750 0.458125 0.032500 0.046250
0 0.214375 0.436875 0.028750 0.021250
0 0.236875 0.556875 0.028750 0.051250
0 0.247500 0.744375 0.035000 0.041250
0 0.290625 0.647500 0.041250 0.047500
0 0.243125 0.858125 0.036250 0.038750
0 0.132500 0.728750 0.017500 0.035000
0 0.143125 0.793750 0.016250 0.032500
0 0.095000 0.608125 0.017500 0.021250
0 0.165000 0.843750 0.025000 0.025000
0 0.141250 0.946875 0.017500 0.018750
0 0.149375 0.987500 0.018750 0.015000
0 0.186875 0.988125 0.018750 0.016250
0 0.718125 0.708125 0.023750 0.053750
0 0.732500 0.614375 0.015000 0.043750
0 0.769375 0.627500 0.008750 0.025000
0 0.763750 0.653125 0.012500 0.023750
0 0.753125 0.703750 0.021250 0.037500
0 0.750000 0.736250 0.017500 0.030000
0 0.745625 0.771875 0.016250 0.033750
0 0.786250 0.854375 0.025000 0.011250
0 0.783750 0.873125 0.025000 0.008750
0 0.813750 0.813750 0.012500 0.017500
0 0.811250 0.833750 0.012500 0.020000
0 0.808125 0.855625 0.011250 0.023750
0 0.733125 0.953750 0.013750 0.032500
0 0.783750 0.973750 0.020000 0.032500
0 0.806875 0.930625 0.011250 0.026250
0 0.810625 0.904375 0.011250 0.021250
0 0.922500 0.765625 0.017500 0.013750
0 0.941250 0.759375 0.015000 0.008750
0 0.896875 0.785625 0.013750 0.006250
0 0.905625 0.803125 0.016250 0.008750
0 0.906875 0.820000 0.013750 0.007500
0 0.920000 0.813125 0.015000 0.008750
0 0.864375 0.853750 0.021250 0.045000
0 0.854375 0.897500 0.023750 0.032500
0 0.853125 0.925000 0.013750 0.020000
0 0.850000 0.949375 0.017500 0.028750
0 0.839375 0.981250 0.018750 0.037500
0 0.747500 0.496250 0.017500 0.020000
