0 0.189861 0.089231 0.029821 0.061538
0 0.105368 0.152308 0.023857 0.052308
0 0.071571 0.336923 0.031809 0.058462
0 0.047714 0.578462 0.035785 0.055385
0 0.192843 0.604615 0.039761 0.070769
0 0.245527 0.296923 0.029821 0.070769
0 0.297217 0.478462 0.049702 0.076923
0 0.349901 0.143077 0.027833 0.052308
0 0.390656 0.250769 0.025845 0.052308
0 0.461233 0.083077 0.023857 0.036923
0 0.449304 0.190769 0.019881 0.030769
0 0.448310 0.364615 0.025845 0.046154
0 0.585487 0.220000 0.029821 0.046154
0 0.546720 0.358462 0.023857 0.046154
0 0.512922 0.521538 0.019881 0.033846
0 0.150099 0.860000 0.037773 0.052308
0 0.470179 0.656923 0.025845 0.046154
0 0.345924 0.855385 0.043738 0.061538
0 0.544732 0.866154 0.027833 0.046154
