0 0.243083 0.098361 0.027668 0.060109
0 0.152174 0.159836 0.027668 0.051913
0 0.115613 0.342896 0.037549 0.046448
0 0.093874 0.577869 0.041502 0.051913
0 0.010870 0.821038 0.021739 0.035519
0 0.250000 0.601093 0.049407 0.065574
0 0.202569 0.849727 0.041502 0.049180
0 0.363636 0.478142 0.055336 0.071038
0 0.307312 0.301913 0.041502 0.068306
0 0.418972 0.848361 0.047431 0.057377
0 0.419960 0.154372 0.029644 0.046448
0 0.467391 0.258197 0.029644 0.051913
0 0.530632 0.367486 0.029644 0.046448
0 0.597826 0.519126 0.021739 0.038251
0 0.551383 0.654372 0.027668 0.035519
0 0.676877 0.224044 0.033597 0.038251
0 0.634387 0.360656 0.031621 0.043716
0 0.543478 0.096995 0.019763 0.030055
0 0.529644 0.199454 0.023715 0.032787
0 0.637352 0.859290 0.029644 0.040984
