0 0.097826 0.249206 0.017787 0.022222
0 0.347826 0.271429 0.015810 0.022222
0 0.253953 0.488889 0.021739 0.025397
0 0.154150 0.653968 0.023715 0.025397
0 0.336957 0.585714 0.025692 0.022222
0 0.426877 0.058730 0.019763 0.022222
0 0.139328 0.831746 0.021739 0.025397
0 0.299407 0.914286 0.025692 0.025397
0 0.492095 0.904762 0.023715 0.025397
0 0.587945 0.503175 0.021739 0.022222
0 0.715415 0.193651 0.023715 0.031746
0 0.742095 0.080952 0.021739 0.028571
0 0.856719 0.311111 0.017787 0.025397
0 0.681818 0.890476 0.023715 0.028571
0 0.855731 0.698413 0.019763 0.025397
0 0.871542 0.876190 0.019763 0.025397
0 0.852767 0.525397 0.021739 0.022222
