0 0.188867 0.087692 0.027833 0.058462
0 0.104374 0.150769 0.017893 0.049231
0 0.070577 0.336923 0.033797 0.052308
0 0.046720 0.580000 0.037773 0.052308
0 0.149105 0.855385 0.039761 0.049231
0 0.195825 0.607692 0.041750 0.058462
0 0.244533 0.296923 0.035785 0.058462
0 0.297217 0.476923 0.045726 0.067692
0 0.347913 0.850769 0.043738 0.052308
0 0.390656 0.253846 0.025845 0.052308
0 0.345924 0.140000 0.023857 0.046154
0 0.461233 0.086154 0.019881 0.030769
0 0.447316 0.190769 0.019881 0.024615
0 0.584493 0.218462 0.027833 0.043077
0 0.545726 0.356923 0.025845 0.049231
0 0.450298 0.361538 0.025845 0.046154
0 0.510934 0.520000 0.027833 0.036923
0 0.469185 0.655385 0.023857 0.043077
0 0.547714 0.864615 0.025845 0.043077
