0 0.325195 0.041509 0.029297 0.052830
0 0.432617 0.156604 0.013672 0.033962
0 0.469727 0.118868 0.013672 0.041509
0 0.416016 0.264151 0.015625 0.037736
0 0.269531 0.467925 0.023438 0.030189
0 0.259766 0.560377 0.023438 0.033962
0 0.310547 0.684906 0.023438 0.026415
0 0.346680 0.777358 0.025391 0.030189
0 0.367188 0.537736 0.019531 0.026415
0 0.405273 0.398113 0.017578 0.026415
0 0.472656 0.415094 0.019531 0.030189
0 0.453125 0.558491 0.019531 0.030189
0 0.475586 0.875472 0.025391 0.030189
0 0.542969 0.558491 0.019531 0.030189
0 0.519531 0.341509 0.019531 0.041509
0 0.497070 0.239623 0.017578 0.041509
0 0.542969 0.150943 0.011719 0.030189
0 0.563477 0.209434 0.013672 0.026415
0 0.588867 0.177358 0.009766 0.022642
0 0.594727 0.116981 0.013672 0.022642
0 0.588867 0.277358 0.013672 0.026415
0 0.632812 0.273585 0.011719 0.026415
0 0.653320 0.192453 0.017578 0.030189
0 0.635742 0.686792 0.013672 0.022642
0 0.634766 0.562264 0.011719 0.022642
0 0.599609 0.443396 0.011719 0.026415
0 0.618164 0.367925 0.009766 0.026415
0 0.639648 0.420755 0.009766 0.018868
0 0.689453 0.658491 0.007812 0.026415
