0 0.234151 0.055046 0.042945 0.048930
0 0.398773 0.194190 0.020450 0.033639
0 0.372188 0.321101 0.024540 0.036697
0 0.150307 0.564220 0.034765 0.033639
0 0.134969 0.674312 0.036810 0.039755
0 0.212679 0.824159 0.036810 0.033639
0 0.265849 0.934251 0.036810 0.033639
0 0.297546 0.645260 0.030675 0.030581
0 0.358896 0.483180 0.030675 0.036697
0 0.429448 0.671254 0.028630 0.039755
0 0.461145 0.500000 0.030675 0.045872
0 0.457055 0.148318 0.022495 0.039755
0 0.496933 0.290520 0.028630 0.042813
0 0.534765 0.414373 0.034765 0.051988
0 0.568507 0.669725 0.032720 0.042813
0 0.569530 0.186544 0.018405 0.036697
0 0.649284 0.148318 0.014315 0.021407
0 0.599182 0.258410 0.020450 0.033639
0 0.639059 0.334862 0.022495 0.033639
0 0.639059 0.217125 0.014315 0.024465
0 0.735174 0.240061 0.022495 0.033639
0 0.706544 0.333333 0.018405 0.030581
0 0.655419 0.538226 0.018405 0.030581
0 0.707566 0.675841 0.024540 0.030581
0 0.708589 0.822630 0.022495 0.024465
0 0.683027 0.441896 0.016360 0.027523
0 0.792434 0.790520 0.014315 0.021407
