0 0.139511 0.121495 0.022403 0.024922
0 0.128310 0.197819 0.024440 0.028037
0 0.181263 0.300623 0.024440 0.021807
0 0.216904 0.378505 0.030550 0.028037
0 0.239308 0.179128 0.022403 0.021807
0 0.280041 0.065421 0.018330 0.024922
0 0.329939 0.197819 0.020367 0.028037
0 0.349287 0.076324 0.022403 0.028037
0 0.399185 0.018692 0.024440 0.031153
0 0.422607 0.196262 0.022403 0.024922
0 0.355397 0.457944 0.026477 0.024922
0 0.502037 0.040498 0.010183 0.018692
0 0.483707 0.102804 0.014257 0.018692
0 0.518330 0.199377 0.014257 0.024922
0 0.519348 0.302181 0.016293 0.018692
0 0.575356 0.280374 0.010183 0.012461
0 0.223014 0.613707 0.014257 0.018692
0 0.404277 0.668224 0.022403 0.028037
0 0.432790 0.786604 0.014257 0.021807
0 0.441955 0.870717 0.016293 0.021807
0 0.491853 0.630841 0.014257 0.021807
0 0.527495 0.691589 0.016293 0.024922
0 0.530550 0.595016 0.014257 0.018692
0 0.609980 0.563863 0.014257 0.018692
